003001.jpg None 361 427 191 527 static 479 137 280 335 swiming 479 242 379 361 static 759 360 334 320 static 815 485 260 356 static 1048 792 316 217 static 329 743 499 109 swiming 577 489 402 236 static 928 252 421 149 swiming 554 229 354 260 swiming 
003002.jpg None 360 428 192 527 static 479 137 278 337 swiming 479 242 379 361 static 758 361 336 318 static 815 485 259 355 static 1049 791 314 219 static 332 743 499 109 swiming 576 488 403 237 static 923 249 418 152 swiming 559 229 350 258 swiming 
003003.jpg None 360 429 192 527 static 480 138 274 338 swiming 479 242 379 361 static 756 361 338 317 static 815 485 259 355 static 1049 791 314 219 static 334 743 499 109 swiming 574 487 404 237 static 918 245 415 156 swiming 563 228 348 258 swiming 
003004.jpg None 359 429 192 527 static 480 139 272 339 swiming 479 242 379 361 static 755 362 339 315 static 815 485 259 355 static 1050 790 313 221 static 336 743 499 109 swiming 572 487 405 236 static 913 242 412 159 swiming 567 228 346 256 swiming 
003005.jpg None 359 430 192 527 static 480 140 269 340 swiming 479 242 379 361 static 753 363 341 312 static 815 485 259 355 static 1050 789 313 222 static 339 743 499 109 swiming 570 486 406 236 static 908 239 409 162 swiming 571 228 344 255 swiming 
003006.jpg None 358 431 193 526 static 480 141 266 341 swiming 479 242 379 361 static 752 363 342 311 static 815 485 258 355 static 1050 788 313 224 static 341 743 499 109 swiming 568 485 407 237 static 903 236 406 165 swiming 575 227 341 255 swiming 
003007.jpg None 357 431 194 527 static 480 142 264 342 swiming 479 242 379 361 static 750 364 345 309 static 815 485 258 355 static 1051 787 311 225 static 343 743 499 109 swiming 567 485 408 236 static 898 233 403 168 swiming 580 227 338 253 swiming 
003008.jpg None 357 432 193 526 static 481 143 260 343 swiming 479 242 379 361 static 749 365 346 307 static 815 485 258 355 static 1051 786 311 227 static 345 743 499 109 swiming 565 484 409 236 static 893 229 400 172 swiming 584 227 336 252 swiming 
003009.jpg None 356 432 194 527 static 481 144 258 344 swiming 479 242 379 361 static 748 366 347 305 static 815 485 258 355 static 1052 786 310 227 static 348 743 499 109 swiming 563 483 410 236 static 888 226 397 175 swiming 588 226 334 251 swiming 
003010.jpg None 356 433 194 527 static 481 144 255 346 swiming 479 242 379 361 static 746 366 349 303 static 815 485 257 355 static 1052 785 310 229 static 350 743 499 109 swiming 561 483 411 236 static 883 223 394 178 swiming 592 226 331 250 swiming 
003011.jpg None 355 434 195 526 static 481 145 253 347 swiming 479 242 379 361 static 745 367 350 301 static 815 485 257 355 static 1052 784 310 230 static 352 743 499 109 swiming 559 482 412 236 static 878 220 391 180 swiming 596 225 329 249 swiming 
003012.jpg None 354 434 196 527 static 481 146 250 348 swiming 479 242 379 361 static 743 368 353 299 static 815 485 257 355 static 1053 783 308 232 static 355 743 499 109 swiming 558 481 413 236 static 873 217 388 183 swiming 601 225 326 248 swiming 
003013.jpg None 354 435 195 526 static 357 743 499 109 swiming 479 242 379 361 static 742 368 354 298 static 815 485 257 355 static 1053 782 308 233 static 482 147 247 349 swiming 605 225 324 246 swiming 868 213 385 187 swiming 556 481 414 235 static 
003014.jpg None 353 436 196 526 static 359 743 499 109 swiming 479 242 379 361 static 740 369 356 295 static 815 485 257 355 static 1053 781 308 235 static 482 148 244 350 swiming 609 224 321 246 swiming 863 210 382 190 swiming 554 480 415 236 static 
003015.jpg None 353 436 196 526 static 361 743 499 109 swiming 479 242 379 361 static 739 370 357 293 static 815 485 256 355 static 1054 780 307 236 static 482 149 242 351 swiming 613 224 319 245 swiming 858 207 379 193 swiming 552 479 416 236 static 
003016.jpg None 352 437 197 526 static 364 743 499 109 swiming 479 242 379 361 static 737 370 359 292 static 815 485 256 355 static 1054 780 307 237 static 482 150 239 352 swiming 617 224 317 243 swiming 853 204 376 196 swiming 550 479 417 235 static 
003017.jpg None 351 437 198 527 static 366 743 499 109 swiming 479 242 379 361 static 736 371 361 290 static 815 485 256 355 static 1054 785 306 239 static 483 151 236 353 swiming 622 223 314 243 swiming 848 201 373 199 swiming 549 478 418 235 static 
003018.jpg None 351 438 197 526 static 368 743 499 109 swiming 479 242 379 361 static 734 372 363 287 static 815 485 256 355 static 1054 784 306 239 static 483 151 236 353 swiming 626 223 311 241 swiming 829 699 402 203 swiming 547 477 419 236 static 
003019.jpg None 350 439 198 526 static 371 743 499 109 swiming 479 242 379 361 static 733 372 364 286 static 815 485 255 355 static 1055 784 306 239 static 483 151 236 353 swiming 630 223 309 240 swiming 834 698 402 197 swiming 545 477 420 235 static 
003020.jpg None 350 439 198 526 static 373 743 499 109 swiming 479 242 379 361 static 731 373 366 284 static 815 485 255 355 static 1055 784 306 239 static 483 151 236 353 swiming 634 222 307 239 swiming 840 697 402 191 swiming 543 476 421 235 static 
