003501.jpg Weak 415 159 353 179 static 987 131 334 246 static 883 254 292 271 swiming 544 1001 276 76 feeding 792 791 218 255 swiming 551 403 418 118 static 480 337 183 383 swiming 404 909 449 169 acceleration 627 707 262 315 swiming 808 251 294 222 swiming 391 835 414 227 feeding 1253 490 208 380 swiming 
003502.jpg Weak 415 159 353 179 static 987 131 334 246 static 877 253 301 263 swiming 542 1009 288 68 feeding 791 788 222 254 swiming 551 405 418 116 static 479 336 184 384 swiming 410 906 449 173 acceleration 627 706 265 314 swiming 805 252 296 216 swiming 390 837 417 226 feeding 1253 493 210 380 swiming 
003503.jpg Weak 415 159 353 179 static 987 131 334 246 static 871 252 310 255 swiming 789 785 228 254 swiming 550 406 421 116 static 477 334 187 386 swiming 416 902 447 177 acceleration 628 704 267 315 swiming 802 252 298 211 swiming 389 840 421 224 feeding 1252 497 212 379 swiming 
003504.jpg Weak 415 159 353 179 static 987 131 334 247 static 865 251 319 247 swiming 788 783 233 253 swiming 550 408 423 116 static 476 333 188 387 swiming 423 898 445 181 acceleration 628 703 270 314 swiming 798 252 301 206 swiming 388 843 425 222 feeding 1252 501 214 377 swiming 
003505.jpg Weak 415 159 353 179 static 987 131 334 247 static 859 250 328 239 swiming 787 780 237 252 swiming 549 410 427 115 static 475 331 190 389 swiming 430 895 442 184 acceleration 629 701 272 315 swiming 795 252 303 201 swiming 387 845 428 221 feeding 1252 505 216 376 swiming 
003506.jpg Weak 415 159 353 179 static 987 132 334 246 static 853 247 339 236 swiming 785 777 243 252 swiming 549 411 429 116 static 474 330 192 390 swiming 437 891 440 188 acceleration 630 700 274 315 swiming 792 252 305 196 swiming 386 848 432 219 feeding 1251 509 218 375 swiming 
003507.jpg Weak 415 159 353 179 static 987 132 334 246 static 847 245 350 233 swiming 784 775 247 250 swiming 548 413 433 115 static 471 328 195 390 swiming 444 888 438 191 acceleration 631 700 277 314 swiming 788 252 308 191 swiming 385 851 436 217 feeding 1251 512 220 375 swiming 
003508.jpg Weak 415 159 353 179 static 987 132 334 246 static 841 242 361 231 swiming 783 772 252 250 swiming 548 415 435 115 static 468 327 199 389 swiming 451 884 435 195 acceleration 632 700 280 314 swiming 785 252 310 186 swiming 384 853 439 216 feeding 1250 516 222 374 swiming 
003509.jpg Weak 415 159 353 179 static 987 132 334 246 static 835 240 372 228 swiming 782 770 257 249 swiming 548 417 438 115 static 465 325 202 390 swiming 458 881 433 198 acceleration 634 700 283 314 swiming 782 253 312 180 swiming 383 856 443 214 feeding 1250 520 224 373 swiming 
003510.jpg Weak 415 159 353 179 static 987 132 334 246 static 829 237 383 226 swiming 784 768 257 249 swiming 551 416 434 117 static 462 324 206 389 swiming 465 877 430 202 acceleration 635 700 286 314 swiming 778 253 315 175 swiming 382 859 447 212 feeding 1250 524 226 372 swiming 
003511.jpg Weak 415 159 353 179 static 987 133 334 246 static 823 235 394 223 swiming 787 766 257 249 swiming 555 416 430 119 static 459 322 209 390 swiming 472 874 428 205 acceleration 636 700 290 313 swiming 775 253 316 171 swiming 381 861 450 211 feeding 1249 527 228 371 swiming 
003512.jpg Weak 415 159 353 179 static 985 132 335 246 static 817 232 395 221 swiming 790 764 257 249 swiming 559 416 426 120 static 456 321 213 389 swiming 479 870 426 209 acceleration 638 700 292 313 swiming 772 253 318 166 swiming 380 864 454 209 feeding 1249 531 230 370 swiming 
003513.jpg Weak 415 159 353 179 static 984 132 336 245 static 811 230 397 218 swiming 793 762 257 249 swiming 563 416 422 122 static 453 319 216 389 swiming 486 867 423 212 acceleration 639 700 296 313 swiming 768 253 321 161 swiming 379 867 458 207 feeding 1249 535 232 369 swiming 
003514.jpg Weak 415 159 353 179 static 983 132 337 244 static 805 227 399 216 swiming 796 760 257 250 swiming 566 415 419 124 static 450 318 220 389 swiming 493 863 421 216 acceleration 640 700 299 313 swiming 765 253 323 156 swiming 378 869 461 206 feeding 1248 539 234 368 swiming 
003515.jpg Weak 415 159 353 179 static 981 132 338 243 static 799 225 401 213 swiming 799 759 257 249 swiming 570 415 415 126 static 447 316 223 389 swiming 642 700 302 313 swiming 762 254 325 150 swiming 377 872 465 204 feeding 1248 543 236 367 swiming 
003516.jpg Weak 415 159 353 179 static 980 132 339 243 static 793 222 403 211 swiming 801 757 257 249 swiming 574 415 411 127 static 444 315 227 389 swiming 504 855 419 225 deceleration 643 701 303 308 swiming 758 254 328 145 swiming 376 875 469 203 feeding 1247 546 238 367 swiming 
003517.jpg Weak 415 159 353 179 static 979 132 340 242 static 787 220 405 208 swiming 852 1044 139 34 swiming 804 755 257 249 swiming 578 415 407 129 static 441 313 230 389 swiming 510 852 417 226 deceleration 644 702 305 304 swiming 755 254 330 140 swiming 381 877 467 201 feeding 1247 550 240 366 swiming 
003518.jpg Weak 415 159 353 179 static 978 132 340 241 static 781 217 407 206 swiming 855 1040 139 38 swiming 807 753 257 250 swiming 582 415 403 131 static 438 312 234 388 swiming 517 850 414 226 deceleration 645 703 307 300 swiming 752 254 332 135 swiming 386 880 466 198 feeding 1247 554 242 364 swiming 
003519.jpg Weak 415 160 353 179 static 976 132 342 240 static 775 215 409 203 swiming 859 1037 139 41 swiming 810 751 257 250 swiming 582 414 403 133 static 435 310 237 389 swiming 524 848 411 227 deceleration 646 704 309 296 swiming 748 254 335 130 swiming 391 882 464 196 feeding 1246 558 244 363 swiming 
003520.jpg Weak 415 160 353 179 static 975 132 343 239 static 769 212 411 201 swiming 862 1033 139 45 swiming 813 749 257 250 swiming 582 413 403 135 static 432 309 241 388 swiming 531 846 409 227 deceleration 647 705 311 292 swiming 745 254 337 125 swiming 396 885 463 193 feeding 1246 561 246 363 swiming 
003521.jpg Weak 415 160 353 179 static 974 131 344 240 static 764 210 412 199 swiming 866 1030 139 48 swiming 816 748 257 249 swiming 583 412 403 137 static 430 308 244 388 swiming 537 844 407 227 deceleration 648 706 313 288 swiming 742 255 339 120 swiming 401 888 461 190 feeding 1246 565 248 362 swiming 
003522.jpg Weak 415 160 353 179 static 973 131 344 239 static 757 207 414 199 swiming 869 1027 139 51 swiming 818 746 257 249 swiming 583 412 403 138 static 430 308 246 385 swiming 544 842 404 228 deceleration 650 708 314 283 swiming 740 253 339 124 swiming 406 890 460 188 feeding 1245 569 250 361 swiming 
003523.jpg Weak 415 160 353 179 static 971 131 346 238 static 750 205 416 198 swiming 873 1023 139 55 swiming 821 744 257 250 swiming 583 411 403 140 static 430 308 248 382 swiming 551 840 401 228 deceleration 648 707 319 279 swiming 738 251 339 128 swiming 411 893 459 185 feeding 1245 573 252 360 swiming 
003524.jpg Weak 415 160 353 179 static 970 131 347 237 static 743 203 419 197 swiming 876 1020 139 59 swiming 824 742 257 250 swiming 584 410 403 142 static 430 308 250 379 swiming 558 838 399 228 deceleration 647 707 324 275 swiming 736 250 339 131 swiming 416 896 457 182 feeding 1245 577 254 359 swiming 
003525.jpg Weak 415 160 353 179 static 969 131 347 236 static 736 201 421 196 swiming 880 1017 139 62 swiming 827 740 257 250 swiming 584 409 403 144 static 431 308 252 376 swiming 564 836 397 229 deceleration 646 707 328 270 swiming 734 248 339 135 swiming 421 898 456 181 feeding 1240 582 258 355 swiming 
003526.jpg Weak 415 160 353 179 static 967 131 349 236 static 729 199 424 195 swiming 883 1013 139 66 swiming 830 738 257 250 swiming 585 409 403 145 static 431 308 254 374 swiming 571 834 394 229 deceleration 645 706 333 267 swiming 732 247 339 138 swiming 426 901 454 178 feeding 1235 588 263 350 swiming 
003527.jpg Weak 415 160 353 179 static 966 131 350 235 static 722 197 426 194 swiming 887 1010 139 69 swiming 833 737 257 250 swiming 585 408 403 147 static 431 308 256 371 swiming 578 832 391 229 deceleration 644 706 338 262 swiming 730 245 339 142 swiming 431 904 453 175 feeding 1231 594 267 345 swiming 
003528.jpg Weak 415 160 353 179 static 965 131 350 234 static 715 195 428 194 swiming 890 1007 139 72 swiming 831 736 262 251 swiming 585 407 403 149 static 432 308 258 368 swiming 585 830 389 230 deceleration 642 706 343 258 swiming 728 244 339 145 swiming 436 906 452 173 feeding 1226 600 272 341 swiming 
003529.jpg Weak 415 160 353 179 static 964 131 351 233 static 708 193 431 193 swiming 894 1003 139 76 swiming 830 735 266 252 swiming 586 406 403 151 static 432 308 260 365 swiming 586 827 391 233 deceleration 641 705 348 254 swiming 726 242 339 149 swiming 441 909 450 170 feeding 1222 605 275 337 swiming 
003530.jpg Weak 415 160 353 179 static 962 130 353 233 static 701 191 433 192 swiming 897 1000 139 79 swiming 828 735 271 252 swiming 586 406 403 152 static 432 308 262 362 swiming 588 825 392 236 deceleration 640 705 352 250 swiming 724 240 339 153 swiming 446 912 449 167 feeding 1217 611 280 332 swiming 
003531.jpg Weak 415 160 353 179 static 961 130 354 233 static 694 189 436 191 swiming 901 997 139 83 swiming 827 734 275 253 swiming 586 405 403 154 static 433 308 264 360 swiming 589 823 394 238 deceleration 639 705 357 245 swiming 722 239 339 156 swiming 451 914 447 165 feeding 1213 617 284 327 swiming 
003532.jpg Weak 415 160 353 179 static 960 130 354 232 static 687 187 438 190 swiming 902 993 140 87 swiming 825 733 280 254 swiming 587 404 403 156 static 433 308 266 357 swiming 591 820 395 242 deceleration 638 704 362 242 swiming 720 237 339 160 swiming 456 917 446 162 feeding 1208 623 289 323 swiming 
003533.jpg Weak 415 160 353 179 static 959 130 355 231 static 680 185 441 189 swiming 904 989 141 91 swiming 824 733 284 255 swiming 587 403 403 158 static 433 308 268 354 swiming 592 818 397 244 deceleration 636 704 367 237 swiming 718 236 339 163 swiming 462 920 444 160 feeding 1203 629 294 318 swiming 
003534.jpg Weak 415 160 353 179 static 957 130 357 230 static 673 183 443 189 swiming 905 985 143 95 swiming 822 732 289 256 swiming 588 403 403 159 static 433 308 270 351 swiming 594 816 399 247 deceleration 635 704 372 233 swiming 716 234 339 167 swiming 466 921 444 159 feeding 1199 634 297 314 swiming 
003535.jpg Weak 415 160 353 179 static 956 130 357 229 static 666 181 445 188 swiming 907 981 144 99 swiming 821 732 293 256 swiming 588 402 403 161 static 434 308 272 348 swiming 596 813 400 250 deceleration 634 703 376 229 swiming 714 233 339 170 swiming 470 923 444 157 feeding 1194 640 302 309 swiming 
003536.jpg Weak 415 160 353 179 static 955 130 358 229 static 659 179 448 187 swiming 908 977 145 103 swiming 820 731 297 257 swiming 588 401 403 163 static 434 308 274 346 swiming 597 811 402 253 deceleration 633 703 381 225 swiming 712 231 339 174 swiming 474 925 444 155 feeding 1190 646 306 305 swiming 
003537.jpg Weak 415 160 353 179 static 953 130 360 228 static 652 177 450 186 swiming 910 973 146 107 swiming 818 730 302 258 swiming 589 400 403 165 static 434 308 276 343 swiming 599 809 403 255 deceleration 632 703 386 220 swiming 710 229 339 178 swiming 478 927 444 153 feeding 1185 652 311 300 swiming 
003538.jpg Weak 415 160 353 179 static 952 130 360 227 static 645 175 453 185 swiming 911 969 148 111 swiming 817 730 306 259 swiming 589 400 403 166 static 435 308 278 340 swiming 600 806 405 259 deceleration 630 702 391 217 swiming 708 228 339 181 swiming 482 928 444 152 feeding 1181 657 314 296 swiming 
003539.jpg Weak 415 160 353 179 static 951 129 361 227 static 638 173 455 184 swiming 913 966 149 114 swiming 815 729 311 260 swiming 589 399 403 168 static 435 308 280 337 swiming 602 804 406 261 deceleration 629 702 396 212 swiming 706 226 339 185 swiming 487 930 444 150 feeding 1176 663 319 291 swiming 
003540.jpg Weak 415 160 353 179 static 950 129 362 226 static 631 171 458 184 swiming 916 962 147 117 swiming 814 728 315 261 swiming 590 398 403 170 static 435 308 282 334 swiming 604 802 408 264 deceleration 628 702 400 208 swiming 704 225 339 188 swiming 491 932 444 148 feeding 1171 669 324 287 swiming 
003541.jpg Weak 415 160 353 179 static 948 129 364 226 static 625 170 455 181 swiming 920 958 145 121 swiming 812 728 320 261 swiming 590 397 403 172 static 436 308 284 332 swiming 608 799 406 264 deceleration 627 701 405 204 swiming 702 223 339 192 swiming 495 934 444 146 feeding 1167 675 328 282 swiming 
003542.jpg Weak 415 160 353 179 static 947 129 364 225 static 620 169 451 178 swiming 923 954 143 125 swiming 811 727 324 262 swiming 591 397 403 174 static 432 307 289 330 swiming 613 796 404 264 deceleration 626 701 410 200 swiming 701 222 339 195 swiming 499 935 444 145 feeding 1162 681 333 277 swiming 
003543.jpg Weak 415 160 353 179 static 946 129 365 224 static 615 169 448 174 swiming 927 950 141 129 swiming 810 727 329 263 swiming 592 396 403 174 static 429 307 293 327 swiming 618 793 402 264 deceleration 624 701 415 195 swiming 701 221 336 199 swiming 503 937 444 143 feeding 1158 686 336 273 swiming 
003544.jpg Weak 415 160 353 179 static 945 129 366 223 static 610 168 444 171 swiming 930 946 140 133 swiming 812 727 329 262 swiming 594 396 403 174 static 426 307 298 324 swiming 623 791 400 263 deceleration 623 700 420 192 swiming 702 221 333 202 swiming 508 939 444 141 feeding 1153 692 341 269 swiming 
003545.jpg Weak 415 160 353 179 static 943 129 367 222 static 604 168 442 167 swiming 934 942 137 137 swiming 815 727 329 261 swiming 596 396 403 174 static 423 307 302 322 swiming 627 788 399 263 deceleration 622 700 424 187 swiming 702 220 330 207 swiming 512 941 444 139 feeding 1149 698 345 264 swiming 
003546.jpg Weak 415 160 353 179 static 942 129 368 222 static 599 167 438 164 swiming 937 938 136 141 swiming 817 727 329 260 swiming 598 396 403 173 static 419 306 307 320 swiming 632 785 397 263 deceleration 621 700 429 183 swiming 703 220 327 210 swiming 516 942 444 138 feeding 1144 704 350 259 swiming 
003547.jpg Weak 415 160 353 179 static 941 129 369 221 static 594 167 435 160 swiming 941 935 134 144 swiming 820 727 329 259 swiming 599 396 403 173 static 416 306 312 317 swiming 637 782 395 263 deceleration 620 700 434 179 swiming 703 219 324 215 swiming 520 944 444 136 feeding 1140 710 354 255 swiming 
003548.jpg Weak 415 160 353 179 static 940 129 370 220 static 589 166 431 157 swiming 942 930 132 149 swiming 822 728 329 257 swiming 601 396 403 173 static 413 306 316 315 swiming 642 780 393 263 deceleration 622 698 434 175 swiming 704 219 321 218 swiming 524 946 444 134 feeding 1134 716 356 249 swiming 
003549.jpg Weak 415 160 353 179 static 938 128 371 220 static 584 166 428 154 swiming 944 925 130 154 swiming 825 728 329 256 swiming 603 396 403 172 static 410 306 320 312 swiming 646 777 392 263 deceleration 625 696 434 172 swiming 704 218 318 223 swiming 529 948 444 132 feeding 1129 722 358 243 swiming 
003550.jpg Weak 415 160 353 179 static 937 128 372 219 static 579 164 433 159 swiming 945 920 129 159 swiming 828 728 328 255 swiming 605 396 403 172 static 407 306 325 309 swiming 651 774 390 263 deceleration 628 695 434 168 swiming 705 218 315 226 swiming 533 949 444 131 feeding 1124 729 360 236 swiming 
003551.jpg Weak 415 160 353 179 static 936 128 373 219 static 575 163 438 163 swiming 947 915 127 164 swiming 830 728 329 254 swiming 606 396 404 172 static 403 305 330 308 swiming 656 771 388 263 deceleration 630 693 434 164 swiming 705 217 312 231 swiming 537 951 444 129 feeding 1118 735 363 230 swiming 
003552.jpg Weak 415 160 353 179 static 934 128 374 218 static 571 162 443 168 swiming 948 910 125 169 swiming 833 728 328 253 swiming 608 396 403 171 static 400 305 334 305 swiming 661 769 386 262 deceleration 633 691 434 161 swiming 706 217 309 234 swiming 541 953 444 127 feeding 1113 742 365 223 swiming 
003553.jpg Weak 415 160 353 179 static 933 128 375 217 static 567 160 448 173 swiming 950 905 123 174 swiming 835 729 329 251 swiming 610 396 403 171 static 397 305 339 302 swiming 665 766 385 262 deceleration 636 690 434 157 swiming 707 216 305 238 swiming 545 955 444 125 feeding 1108 748 367 217 swiming 
003554.jpg Weak 415 160 353 179 static 932 128 376 216 static 563 159 453 177 swiming 951 900 122 179 swiming 838 729 328 250 swiming 612 396 403 171 static 394 305 343 299 swiming 670 763 383 262 deceleration 638 688 434 154 swiming 707 216 303 242 swiming 550 957 444 123 feeding 1103 755 369 210 swiming 
003555.jpg Weak 415 160 353 179 static 931 128 376 215 static 559 158 458 182 swiming 953 895 120 184 swiming 840 729 329 249 swiming 613 396 404 170 static 390 304 348 298 swiming 675 760 381 262 deceleration 641 686 434 150 swiming 708 215 299 246 swiming 550 956 447 124 feeding 1097 761 372 204 swiming 
003556.jpg Weak 415 160 353 179 static 929 128 378 215 static 550 158 456 175 swiming 954 890 118 189 swiming 843 729 328 248 swiming 615 396 404 170 static 387 304 353 295 swiming 680 758 379 262 deceleration 644 685 434 146 swiming 708 215 297 250 swiming 551 955 450 125 feeding 1092 768 374 197 swiming 
003557.jpg Weak 415 160 353 179 static 928 128 379 214 static 542 158 454 169 swiming 956 885 116 194 swiming 846 729 328 247 swiming 617 395 403 171 static 384 304 357 292 swiming 683 755 377 263 deceleration 646 683 434 143 swiming 709 214 293 254 swiming 552 954 453 126 feeding 1087 774 376 191 swiming 
003558.jpg Weak 415 160 353 179 static 927 127 380 214 static 534 159 452 162 swiming 957 880 115 199 swiming 848 730 328 245 swiming 619 395 403 170 static 381 304 361 290 swiming 686 753 376 263 deceleration 649 681 434 140 swiming 709 214 291 258 swiming 553 953 455 127 feeding 1081 780 379 185 swiming 
003559.jpg Weak 415 160 353 179 static 926 127 380 213 static 525 159 451 156 swiming 959 876 113 204 swiming 851 730 328 244 swiming 620 395 404 170 static 378 304 366 287 swiming 689 751 374 263 deceleration 652 680 434 135 swiming 710 213 287 262 swiming 554 952 458 128 feeding 1076 787 381 178 swiming 
003560.jpg Weak 415 160 353 179 static 924 127 382 212 static 517 159 449 150 swiming 958 872 113 208 swiming 853 730 328 243 swiming 622 395 404 170 static 374 303 371 285 swiming 692 749 373 263 deceleration 654 678 434 132 swiming 710 213 285 266 swiming 555 951 461 129 feeding 1071 793 383 172 swiming 
003561.jpg Weak 415 160 353 179 static 923 127 383 212 static 509 160 447 143 swiming 957 869 114 211 swiming 856 730 328 242 swiming 624 395 403 169 static 371 303 375 283 swiming 695 747 371 263 deceleration 657 676 434 129 swiming 711 212 281 270 swiming 556 951 464 129 feeding 1066 800 385 165 swiming 
003562.jpg Weak 415 160 353 179 static 922 127 383 211 static 500 160 439 143 swiming 957 866 114 214 swiming 859 731 328 240 swiming 626 395 403 169 static 368 303 380 280 swiming 698 745 370 263 deceleration 660 675 434 125 swiming 712 212 278 274 swiming 556 950 467 130 feeding 1060 806 388 159 swiming 
003563.jpg Weak 415 160 353 179 static 920 127 385 210 static 492 160 430 144 swiming 956 862 114 218 swiming 862 730 327 236 swiming 627 395 404 169 static 365 303 384 277 swiming 701 743 368 263 deceleration 665 674 433 128 swiming 710 211 277 276 swiming 557 949 470 131 feeding 1055 813 390 152 swiming 
003564.jpg Weak 415 160 353 179 static 919 127 386 209 static 484 160 421 145 swiming 955 859 115 221 swiming 865 729 326 232 swiming 629 395 404 168 static 362 303 389 275 swiming 705 741 366 263 deceleration 671 673 432 131 swiming 709 210 275 279 swiming 558 948 473 132 feeding 1050 819 392 146 swiming 
003565.jpg Weak 415 160 353 179 static 918 127 386 208 static 476 160 412 145 swiming 955 856 115 224 swiming 868 728 325 228 swiming 631 395 404 168 static 360 302 392 273 swiming 708 739 365 263 deceleration 677 672 430 135 swiming 708 210 274 281 swiming 559 947 475 133 feeding 1045 826 394 139 swiming 
003566.jpg Weak 415 160 353 179 static 917 127 387 208 static 468 160 403 146 swiming 954 852 115 228 swiming 871 728 324 223 swiming 633 395 403 168 static 358 301 396 272 swiming 711 737 363 263 deceleration 683 671 429 138 swiming 707 209 272 284 swiming 560 946 478 134 feeding 1039 828 398 137 swiming 
003567.jpg Weak 415 160 353 179 static 915 126 389 208 static 459 160 396 147 swiming 953 849 116 231 swiming 874 727 323 219 swiming 634 395 404 167 static 356 301 399 269 swiming 714 735 362 263 deceleration 688 670 429 141 swiming 706 209 271 286 swiming 561 945 481 135 feeding 1033 830 403 135 swiming 
003568.jpg Weak 415 160 353 179 static 914 126 390 207 static 451 160 387 148 swiming 953 846 116 234 swiming 877 726 323 215 swiming 636 395 404 167 static 355 300 402 268 swiming 717 733 360 263 deceleration 694 669 427 145 swiming 705 208 269 288 swiming 562 945 484 135 feeding 1027 833 408 132 swiming 
003569.jpg Weak 415 160 353 179 static 913 126 390 206 static 443 160 378 148 swiming 952 842 116 238 swiming 880 726 322 210 swiming 638 395 404 167 static 353 300 406 266 swiming 720 731 359 263 deceleration 700 668 426 148 swiming 704 207 267 291 swiming 567 944 482 136 feeding 1021 835 413 130 swiming 
003570.jpg Weak 415 160 353 179 static 912 126 391 205 static 435 160 369 149 swiming 951 839 117 241 swiming 884 725 320 207 swiming 640 395 404 167 static 351 299 409 264 swiming 723 729 357 263 deceleration 706 667 424 152 swiming 703 207 266 293 swiming 573 943 480 137 feeding 1015 838 418 127 swiming 
003571.jpg Weak 415 160 353 179 static 910 126 393 205 static 427 160 360 150 swiming 951 836 117 244 swiming 887 724 319 203 swiming 642 396 402 165 static 349 298 413 263 swiming 726 727 356 263 deceleration 711 666 424 155 swiming 702 206 264 296 swiming 579 943 477 137 feeding 1009 840 422 125 swiming 
003572.jpg Weak 415 160 353 179 static 909 126 393 204 static 950 832 117 248 swiming 890 724 318 198 swiming 644 397 401 164 static 348 298 416 261 swiming 730 725 354 263 deceleration 717 665 423 158 swiming 701 206 263 298 swiming 585 942 475 138 feeding 1003 843 427 122 swiming 
003573.jpg Weak 415 160 353 179 static 908 126 394 203 static 420 153 329 168 static 949 829 118 251 swiming 893 723 318 194 swiming 646 399 400 162 static 346 297 419 259 swiming 732 724 353 262 deceleration 723 664 421 162 swiming 699 205 261 301 swiming 591 942 473 138 feeding 997 845 432 120 swiming 
003574.jpg Weak 415 160 353 179 static 906 126 396 202 static 420 154 329 168 static 949 826 118 254 swiming 896 722 317 190 swiming 649 400 398 161 static 344 297 423 257 swiming 735 723 352 262 deceleration 729 663 420 165 swiming 697 205 260 303 swiming 596 942 472 137 feeding 991 847 437 118 swiming 
003575.jpg Weak 415 160 353 179 static 905 126 396 201 static 420 155 329 168 static 948 822 119 257 swiming 899 722 316 185 swiming 651 401 396 160 static 342 296 426 255 swiming 738 723 351 261 deceleration 735 662 419 169 swiming 695 204 258 306 swiming 601 942 472 137 feeding 985 850 442 115 swiming 
003576.jpg Weak 415 160 353 179 static 904 125 397 202 static 420 156 329 168 static 947 818 120 261 swiming 902 721 315 181 swiming 653 403 395 158 static 341 296 429 253 swiming 741 722 349 261 deceleration 739 661 419 166 swiming 693 204 257 308 swiming 607 942 470 137 feeding 979 852 446 113 swiming 
003577.jpg Weak 415 160 353 179 static 903 125 398 201 static 420 157 329 168 static 946 814 121 265 swiming 905 720 314 177 swiming 655 404 394 157 static 339 295 433 252 swiming 744 722 348 260 deceleration 744 660 419 164 swiming 691 204 256 311 swiming 612 943 470 136 feeding 973 855 451 110 swiming 
003578.jpg Weak 415 160 353 179 static 901 125 400 200 static 419 155 329 170 static 946 810 121 269 swiming 909 720 313 173 swiming 658 405 392 156 static 337 294 436 250 swiming 746 721 348 260 deceleration 748 659 419 161 swiming 689 203 254 314 swiming 617 943 469 136 feeding 967 857 456 108 swiming 
003579.jpg Weak 415 160 353 179 static 900 125 400 199 static 418 154 329 171 static 945 806 122 273 swiming 910 720 314 171 swiming 660 407 391 154 static 335 294 440 248 swiming 749 721 346 259 deceleration 753 658 419 159 swiming 687 203 253 316 swiming 623 943 468 135 feeding 961 860 461 105 swiming 
003580.jpg Weak 415 160 353 179 static 899 125 401 198 static 418 152 329 173 static 944 802 123 277 swiming 911 721 315 169 swiming 662 408 389 153 static 334 293 443 247 swiming 752 720 345 259 deceleration 757 657 419 157 swiming 685 202 251 319 swiming 628 943 467 135 feeding 955 862 466 103 swiming 
003581.jpg Weak 415 160 353 179 static 898 125 402 198 static 417 151 329 174 static 944 798 123 281 swiming 912 721 317 167 swiming 664 409 388 152 static 332 293 446 244 swiming 755 720 344 258 deceleration 762 656 419 154 swiming 683 202 250 321 swiming 633 944 467 134 feeding 949 864 470 101 swiming 
003582.jpg Weak 415 160 353 179 static 896 125 403 197 static 416 149 329 176 static 943 794 124 284 swiming 913 722 318 165 swiming 667 411 386 150 static 330 292 450 243 swiming 758 719 342 258 deceleration 766 656 419 151 swiming 639 944 465 134 feeding 943 867 475 98 swiming 
003583.jpg Weak 415 160 353 179 static 895 125 404 196 static 416 148 329 177 static 942 790 125 288 swiming 914 722 319 163 swiming 669 412 385 149 static 329 292 453 241 swiming 760 718 342 258 deceleration 771 655 419 148 swiming 674 196 262 325 static 644 944 465 134 feeding 937 869 480 96 swiming 
003584.jpg Weak 415 160 353 179 static 894 125 405 195 static 415 146 329 179 static 941 786 126 292 swiming 915 723 321 161 swiming 671 413 383 148 static 330 292 453 239 swiming 763 718 341 257 deceleration 775 654 419 146 swiming 674 196 263 327 static 650 945 464 133 feeding 931 872 485 93 swiming 
003585.jpg Weak 415 160 353 179 static 893 125 406 195 static 414 145 329 180 static 941 782 126 296 swiming 917 723 321 159 swiming 674 415 381 146 static 331 292 453 237 swiming 766 717 339 257 deceleration 780 653 419 144 swiming 674 196 264 330 static 656 945 462 133 feeding 925 874 490 91 swiming 
003586.jpg Weak 415 160 353 179 static 892 124 405 195 static 414 143 329 182 static 940 778 127 300 swiming 918 724 322 157 swiming 676 416 380 145 static 333 292 453 235 swiming 769 717 338 255 deceleration 784 652 419 141 swiming 674 196 265 332 static 662 945 461 133 feeding 
003587.jpg Weak 415 160 353 179 static 891 124 405 194 static 413 142 329 183 static 939 774 128 304 swiming 919 724 324 155 swiming 678 417 379 144 static 334 292 453 233 swiming 772 716 337 255 deceleration 789 651 419 139 swiming 674 197 267 334 static 669 945 458 133 feeding 
003588.jpg Weak 415 160 353 179 static 890 124 405 194 static 412 140 329 185 static 939 770 129 308 swiming 920 725 325 153 swiming 680 419 378 142 static 336 292 453 231 swiming 775 716 335 254 deceleration 793 650 419 136 swiming 672 200 269 332 static 675 945 457 133 feeding 
003589.jpg Weak 415 160 353 179 static 890 123 403 194 static 412 139 329 187 static 937 767 131 309 swiming 921 725 326 152 swiming 683 420 375 140 static 337 292 453 229 swiming 777 715 335 254 deceleration 798 650 419 133 swiming 670 203 271 331 static 681 945 455 133 feeding 
003590.jpg Weak 415 160 353 179 static 889 123 403 194 static 411 137 329 189 static 936 764 132 310 swiming 922 726 328 149 swiming 685 422 374 138 static 338 292 453 227 swiming 780 715 334 253 deceleration 802 649 419 131 swiming 668 206 273 329 static 688 945 453 133 feeding 
003591.jpg Weak 415 160 353 179 static 888 123 403 193 static 410 136 329 190 static 935 761 133 312 swiming 923 726 329 148 swiming 687 423 373 137 static 340 293 453 224 swiming 783 714 332 253 deceleration 807 648 419 128 swiming 666 209 275 328 static 694 945 452 134 feeding 
003592.jpg Weak 415 160 353 179 static 888 123 402 193 static 410 134 329 192 static 933 758 135 313 swiming 925 727 329 145 swiming 689 424 372 136 static 341 293 453 222 swiming 786 713 331 253 deceleration 811 647 419 126 swiming 664 213 278 325 static 700 945 450 134 feeding 
003593.jpg Weak 415 160 353 179 static 887 122 401 193 static 409 133 329 193 static 932 756 136 314 swiming 926 727 331 144 swiming 692 426 370 134 static 343 293 453 220 swiming 789 713 330 252 deceleration 816 646 419 123 swiming 662 216 280 324 static 707 945 448 134 feeding 
003594.jpg Weak 415 160 353 179 static 886 122 401 193 static 409 131 329 195 static 931 753 137 315 swiming 927 728 332 141 swiming 694 427 368 133 static 344 293 453 218 swiming 791 712 329 252 deceleration 820 645 419 121 swiming 660 219 282 322 static 713 945 446 134 feeding 
003595.jpg Weak 415 160 353 179 static 885 122 401 192 static 408 130 329 196 static 929 750 139 317 swiming 928 728 333 140 swiming 696 428 367 132 static 345 293 453 216 swiming 794 712 328 251 deceleration 825 645 419 118 swiming 658 222 284 321 static 719 945 445 134 feeding 
003596.jpg Weak 415 160 353 179 static 885 122 400 192 static 407 128 329 198 static 928 747 140 318 swiming 929 729 335 137 swiming 699 430 365 130 static 347 293 453 215 swiming 797 711 327 251 deceleration 831 643 417 118 swiming 656 225 286 319 static 726 945 442 134 feeding 
003597.jpg Weak 415 160 353 179 static 884 121 399 192 static 407 127 329 199 static 927 745 141 319 swiming 930 729 336 136 swiming 701 431 364 129 static 348 293 453 213 swiming 800 711 325 250 deceleration 837 642 416 117 swiming 654 229 289 317 static 732 945 441 134 feeding 
003598.jpg Weak 415 160 353 179 static 883 121 399 192 static 406 125 329 201 static 925 742 143 320 swiming 932 730 337 134 swiming 703 432 362 128 static 350 293 453 211 swiming 803 710 324 250 deceleration 844 640 414 118 swiming 652 232 291 315 static 739 945 439 135 feeding 
003599.jpg Weak 415 160 353 179 static 883 121 398 191 static 405 124 329 202 static 924 739 144 321 swiming 933 730 337 131 swiming 705 434 361 126 static 351 294 453 208 swiming 806 710 323 249 deceleration 850 639 413 117 swiming 650 235 293 314 static 743 943 439 136 feeding 
003600.jpg Weak 415 160 353 179 static 882 120 397 192 static 405 122 329 205 static 923 736 145 323 swiming 934 730 337 129 swiming 708 435 359 125 static 352 294 453 206 swiming 808 709 322 248 deceleration 857 637 410 118 swiming 648 238 295 312 static 748 942 439 137 feeding 
003601.jpg Weak 415 160 353 179 static 881 120 397 191 static 404 121 329 206 static 921 733 147 324 swiming 935 730 338 127 swiming 710 436 358 124 static 354 294 453 204 swiming 810 708 322 248 deceleration 863 636 409 117 swiming 646 241 297 311 static 753 940 439 138 feeding 877 860 395 140 feeding 
003602.jpg Weak 415 160 353 179 static 881 120 396 191 static 403 119 329 208 static 920 731 148 325 swiming 936 730 338 125 swiming 712 438 357 122 static 355 294 453 202 swiming 812 707 321 248 deceleration 870 634 407 118 swiming 645 245 299 309 static 757 939 439 139 feeding 871 859 395 142 feeding 
003603.jpg Weak 415 160 353 179 static 880 120 396 190 static 403 118 329 209 static 919 728 149 326 swiming 937 730 338 123 swiming 714 439 355 121 static 357 294 453 200 swiming 814 706 321 248 deceleration 876 633 406 117 swiming 647 248 297 310 static 762 937 439 140 feeding 866 858 395 144 feeding 
003604.jpg Weak 415 160 353 179 static 879 119 395 191 static 402 116 329 211 static 917 725 151 328 swiming 939 730 338 120 swiming 717 440 353 120 static 358 294 453 198 swiming 816 705 321 248 deceleration 883 631 403 118 swiming 649 251 296 312 static 767 936 439 141 feeding 860 857 395 146 feeding 
003605.jpg Weak 415 160 353 179 static 878 119 395 190 static 401 115 329 212 static 916 722 152 329 swiming 940 730 338 118 swiming 719 442 352 118 static 360 294 453 196 swiming 818 704 320 247 deceleration 889 630 402 117 swiming 651 254 294 314 static 772 935 439 142 feeding 855 856 395 148 feeding 
003606.jpg Weak 415 160 353 179 static 878 119 394 190 static 401 113 329 214 static 915 720 154 330 swiming 941 730 338 116 swiming 721 443 351 117 static 361 294 453 194 swiming 820 703 320 247 deceleration 896 628 400 118 swiming 654 258 292 315 static 776 933 439 143 feeding 849 855 395 150 feeding 
003607.jpg Weak 415 160 353 179 static 877 119 394 189 static 400 112 329 215 static 914 718 155 330 swiming 942 730 339 114 swiming 724 445 349 115 static 362 295 453 191 swiming 822 703 319 246 deceleration 902 627 399 117 swiming 651 261 290 314 static 781 932 439 144 feeding 844 855 395 151 feeding 
003608.jpg Weak 415 160 353 179 static 876 118 393 190 static 400 110 329 217 static 913 716 157 330 swiming 943 730 339 112 swiming 722 445 353 115 static 364 295 453 189 swiming 824 702 319 246 deceleration 909 625 396 118 swiming 649 264 287 313 static 786 930 439 145 feeding 838 854 395 153 feeding 
003609.jpg Weak 415 160 353 179 static 876 118 392 189 static 399 109 329 218 static 913 714 157 330 swiming 945 730 339 110 swiming 720 445 357 115 static 365 295 453 188 swiming 826 701 319 246 deceleration 915 624 395 117 swiming 647 267 285 312 static 790 929 439 146 feeding 833 853 395 155 feeding 
003610.jpg Weak 415 160 353 179 static 875 118 392 189 static 398 107 329 220 static 912 713 159 329 swiming 955 729 329 107 swiming 719 446 360 114 static 367 295 453 186 swiming 828 700 318 246 deceleration 922 622 393 118 swiming 645 270 282 311 static 795 927 439 147 feeding 828 852 394 158 feeding 
003611.jpg Weak 415 160 353 179 static 874 117 391 189 static 398 106 329 222 static 911 711 161 329 swiming 965 729 320 104 swiming 717 446 364 115 static 368 295 453 184 swiming 831 699 317 245 deceleration 928 621 392 117 swiming 643 273 279 311 static 800 926 439 148 feeding 822 851 395 160 feeding 
003612.jpg Weak 415 160 353 179 static 874 117 390 189 static 397 104 329 224 static 911 709 161 330 swiming 975 728 311 102 swiming 716 446 367 115 static 369 295 453 182 swiming 833 698 316 245 deceleration 935 620 390 117 swiming 641 276 277 310 static 805 925 439 149 feeding 817 850 394 162 feeding 
003613.jpg Weak 415 160 353 179 static 873 117 390 188 static 396 103 329 225 static 910 707 163 330 swiming 985 728 302 99 swiming 714 447 371 114 static 371 295 453 180 swiming 835 697 316 245 deceleration 938 618 393 117 swiming 639 279 274 309 static 809 923 439 146 feeding 811 850 395 163 feeding 
003614.jpg Weak 415 160 353 179 static 872 117 390 188 static 396 101 329 227 static 910 706 164 329 swiming 995 728 292 95 swiming 712 447 375 114 static 372 295 453 178 swiming 837 696 316 245 deceleration 942 616 396 117 swiming 637 282 271 308 static 814 921 439 144 feeding 806 849 394 165 feeding 
003615.jpg Weak 415 160 353 179 static 871 116 389 188 static 395 100 329 228 static 909 704 165 329 swiming 1005 727 283 93 swiming 711 447 378 115 static 374 296 453 175 swiming 839 696 315 244 deceleration 946 614 398 117 swiming 635 285 269 308 static 819 920 439 140 feeding 800 848 395 167 feeding 
