003001.jpg Weak 494 82 311 323 swiming 518 751 362 196 feeding 508 388 505 215 static 867 82 449 168 swiming 239 646 415 263 swiming 325 226 234 388 static 715 719 294 235 feeding 612 111 401 157 swiming 357 453 167 394 swiming 496 543 221 249 swiming 438 156 237 366 swiming 659 224 340 193 swiming 
003002.jpg Weak 494 82 306 327 swiming 520 751 362 196 feeding 509 387 505 215 static 866 82 450 167 swiming 240 652 422 256 swiming 325 227 234 388 static 720 714 291 242 feeding 606 111 403 157 swiming 353 458 171 393 swiming 493 541 221 250 swiming 437 158 242 365 swiming 655 220 339 193 swiming 
003003.jpg Weak 494 82 301 331 swiming 521 751 362 196 feeding 510 386 505 215 static 865 81 449 166 swiming 241 657 429 250 swiming 326 228 234 388 static 725 709 288 249 feeding 601 111 404 156 swiming 349 464 174 391 swiming 490 539 221 251 swiming 436 160 246 363 swiming 652 216 337 193 swiming 
003004.jpg Weak 495 82 295 335 swiming 523 751 362 196 feeding 510 385 505 216 static 864 81 449 164 swiming 241 663 437 243 swiming 326 229 234 388 static 730 705 285 255 feeding 595 111 406 156 swiming 345 469 177 389 swiming 487 538 220 250 swiming 435 162 250 362 swiming 648 213 337 192 swiming 
003005.jpg Weak 494 78 289 342 swiming 525 751 362 196 feeding 510 384 505 217 static 863 80 449 163 swiming 242 669 444 236 swiming 327 230 234 388 static 735 700 282 262 feeding 589 110 407 157 swiming 341 474 181 388 swiming 484 536 220 251 swiming 434 164 254 361 swiming 645 209 335 192 swiming 
003006.jpg Weak 494 75 283 348 swiming 526 751 362 196 feeding 510 383 505 218 static 862 80 449 161 swiming 243 674 451 230 swiming 327 231 234 388 static 740 696 279 268 feeding 584 110 408 156 swiming 337 479 184 387 swiming 481 534 220 252 swiming 433 166 258 360 swiming 641 205 335 192 swiming 
003007.jpg Weak 493 72 277 354 swiming 528 751 362 196 feeding 510 383 505 218 static 861 80 449 159 swiming 244 680 458 223 swiming 328 232 234 388 static 746 688 275 273 feeding 578 110 410 156 swiming 333 485 188 385 swiming 478 533 220 252 swiming 432 168 263 359 swiming 638 202 333 191 swiming 
003008.jpg Weak 493 69 271 360 swiming 530 751 362 196 feeding 510 382 505 219 static 860 79 449 158 swiming 244 686 466 216 swiming 328 232 234 388 static 752 681 271 277 feeding 572 109 411 157 swiming 331 489 193 381 swiming 475 531 219 252 swiming 429 170 267 358 swiming 634 198 333 191 swiming 
003009.jpg Weak 492 66 266 366 swiming 532 751 362 196 feeding 510 381 505 220 static 859 79 449 157 swiming 245 691 473 210 swiming 328 232 234 388 static 758 674 267 281 feeding 567 109 412 156 swiming 329 494 199 376 swiming 472 529 219 253 swiming 426 173 272 356 swiming 631 194 331 191 swiming 
003010.jpg Weak 492 62 259 373 swiming 534 751 363 196 feeding 510 381 506 221 static 858 78 449 156 swiming 246 697 480 203 swiming 328 232 234 388 static 764 666 263 286 feeding 561 109 414 156 swiming 327 499 205 371 swiming 469 527 219 254 swiming 424 175 276 356 swiming 628 191 330 191 swiming 
003011.jpg Weak 491 59 254 379 swiming 537 751 364 196 feeding 510 380 506 222 static 857 78 449 154 swiming 246 703 488 196 swiming 328 232 234 388 static 770 659 259 290 feeding 556 109 415 156 swiming 325 503 210 368 swiming 466 526 218 253 swiming 421 178 281 354 swiming 624 190 330 190 swiming 
003012.jpg Weak 491 56 247 385 swiming 540 752 365 195 feeding 510 379 506 223 static 856 78 449 152 swiming 247 708 495 190 swiming 328 232 234 388 static 776 652 255 294 feeding 555 110 414 154 swiming 323 508 216 363 swiming 463 524 218 254 swiming 419 181 285 352 swiming 620 190 330 188 swiming 
003013.jpg Weak 490 53 242 391 swiming 542 752 367 195 feeding 511 379 505 223 static 855 77 448 151 swiming 248 714 502 183 swiming 328 232 234 388 static 782 644 251 299 feeding 554 112 414 152 swiming 321 513 222 358 swiming 460 522 218 255 swiming 416 183 290 352 swiming 616 190 330 186 swiming 
003014.jpg Weak 490 50 236 397 swiming 545 752 368 196 feeding 511 378 505 224 static 854 77 448 149 swiming 249 720 509 177 swiming 328 232 234 388 static 788 637 247 303 feeding 553 114 414 149 swiming 319 517 227 355 swiming 457 521 218 255 swiming 414 186 294 350 swiming 612 190 330 184 swiming 
003015.jpg Weak 489 51 231 401 swiming 548 753 369 195 feeding 511 377 505 225 static 853 76 448 148 swiming 251 716 513 180 swiming 328 232 234 388 static 794 630 243 307 feeding 552 115 414 148 swiming 317 522 233 350 swiming 453 522 225 254 swiming 411 188 299 349 swiming 608 190 330 182 swiming 
