003001.jpg Weak 726 2 473 169 static 776 126 321 255 swiming 731 852 283 221 swiming 877 645 340 244 feeding 659 206 210 360 swiming 154 445 458 293 feeding 732 577 405 108 swiming 911 498 420 153 swiming 170 341 466 317 swiming 834 348 202 283 swiming 729 701 259 283 swiming 560 937 383 134 acceleration 
003002.jpg Weak 726 2 473 169 static 774 131 326 250 swiming 736 853 269 220 swiming 876 645 340 247 feeding 657 209 213 358 swiming 152 442 461 289 feeding 726 577 405 109 swiming 913 500 420 153 swiming 169 341 462 321 swiming 834 347 201 285 swiming 734 706 255 281 swiming 547 933 372 139 acceleration 
003003.jpg Weak 726 3 473 169 static 771 136 331 245 swiming 736 855 261 218 swiming 875 645 340 250 feeding 655 212 216 357 swiming 177 440 439 299 feeding 721 578 405 108 swiming 914 501 420 153 swiming 167 341 459 324 swiming 833 345 202 288 swiming 739 711 252 279 swiming 534 929 361 144 acceleration 
003004.jpg Weak 726 3 473 169 static 769 141 335 240 swiming 736 858 254 216 swiming 874 646 340 252 feeding 653 215 219 355 swiming 202 439 418 309 feeding 716 578 405 108 swiming 916 503 420 153 swiming 165 341 455 328 swiming 833 344 201 290 swiming 741 713 252 279 swiming 521 926 351 148 acceleration 
003005.jpg Weak 726 3 473 169 static 767 146 340 236 swiming 736 861 246 214 swiming 873 646 339 252 feeding 651 217 222 354 swiming 227 437 397 320 feeding 710 578 405 109 swiming 918 505 420 153 swiming 164 341 451 331 swiming 833 343 201 292 swiming 744 715 252 279 swiming 505 918 374 154 acceleration 
003006.jpg Weak 726 3 473 169 static 766 149 345 233 swiming 736 864 239 212 swiming 873 646 337 252 feeding 649 220 225 353 swiming 252 436 375 330 feeding 705 578 405 109 swiming 920 506 420 153 swiming 162 341 448 335 swiming 833 344 201 292 swiming 747 718 252 279 swiming 490 911 396 160 acceleration 
003007.jpg Weak 726 3 473 169 static 766 152 349 231 swiming 736 864 243 212 swiming 873 647 335 251 feeding 647 223 228 351 swiming 277 434 354 341 feeding 700 579 405 109 swiming 922 508 420 153 swiming 160 341 445 338 swiming 834 345 201 292 swiming 750 720 252 279 swiming 474 903 419 166 acceleration 
003008.jpg Weak 726 3 473 169 static 766 155 353 229 swiming 736 864 248 212 swiming 873 647 333 251 feeding 645 226 231 349 swiming 302 433 333 351 feeding 696 580 405 109 swiming 924 510 420 153 swiming 159 342 441 341 swiming 835 346 201 292 swiming 753 722 252 279 swiming 459 896 441 172 acceleration 
003009.jpg Weak 726 3 473 169 static 766 158 357 227 swiming 736 864 253 212 swiming 872 647 332 251 feeding 643 229 234 348 swiming 313 431 328 351 feeding 693 581 405 109 swiming 926 512 420 153 swiming 162 341 441 341 swiming 836 347 201 292 swiming 756 725 252 279 swiming 444 889 463 178 acceleration 
003010.jpg Weak 726 3 473 169 static 766 161 361 225 swiming 736 864 258 212 swiming 872 648 330 251 feeding 640 231 239 348 swiming 324 430 324 351 feeding 689 582 405 109 swiming 932 509 413 157 swiming 165 341 441 341 swiming 837 348 201 292 swiming 759 727 252 279 swiming 430 880 451 185 acceleration 
003011.jpg Weak 726 3 473 169 static 766 164 365 223 swiming 733 864 267 212 swiming 872 648 328 251 feeding 638 234 243 347 swiming 335 429 319 351 feeding 686 583 405 109 swiming 939 506 405 161 swiming 168 341 441 341 swiming 838 349 201 292 swiming 762 729 252 279 swiming 416 871 439 192 acceleration 
003012.jpg Weak 727 4 473 169 static 766 168 369 220 swiming 730 864 277 212 swiming 872 648 326 251 feeding 636 236 247 347 swiming 346 428 315 351 feeding 682 584 405 109 swiming 946 504 397 164 swiming 171 341 441 340 swiming 838 350 202 292 swiming 765 732 252 279 swiming 402 862 427 199 acceleration 
003013.jpg Weak 727 4 473 169 static 768 168 369 220 swiming 728 864 286 212 swiming 871 649 325 250 feeding 634 239 252 346 swiming 357 427 311 351 feeding 679 585 405 109 swiming 952 501 390 168 swiming 174 341 441 340 swiming 839 351 202 292 swiming 768 734 252 279 swiming 388 853 415 206 acceleration 
003014.jpg Weak 727 4 473 169 static 770 168 369 220 swiming 725 864 295 212 swiming 871 649 323 250 feeding 629 241 259 345 swiming 361 424 311 345 feeding 676 587 405 109 swiming 959 498 382 172 swiming 177 341 441 340 swiming 840 352 202 292 swiming 771 737 252 279 swiming 374 844 403 213 acceleration 
003015.jpg Weak 727 4 473 169 static 773 168 369 220 swiming 722 864 305 212 swiming 871 649 321 250 feeding 625 243 265 345 swiming 366 421 311 339 feeding 671 588 405 109 swiming 966 496 374 175 swiming 182 346 432 334 swiming 841 353 202 292 swiming 771 743 255 272 swiming 360 836 391 220 acceleration 
