004019.jpg Weak 303 267 505 251 swiming 520 331 420 188 swiming 382 746 458 121 swiming 452 150 300 289 swiming 1228 145 247 360 swiming 1242 206 111 391 static 874 308 123 381 swiming 736 670 333 349 swiming 1072 105 317 380 swiming 950 345 100 407 swiming 941 232 177 421 swiming 935 857 493 156 swiming 
004020.jpg Weak 307 265 503 251 swiming 523 329 420 188 swiming 394 744 444 125 swiming 451 152 296 294 swiming 1234 144 241 365 swiming 1241 207 111 391 static 877 305 122 379 swiming 737 665 331 352 swiming 1071 102 307 380 swiming 950 338 100 407 swiming 941 230 176 419 swiming 931 858 493 156 swiming 
004021.jpg Weak 311 263 501 251 swiming 526 327 420 188 swiming 406 743 430 129 swiming 449 153 294 300 swiming 1241 143 235 371 swiming 1241 208 111 391 static 880 302 122 378 swiming 737 659 329 357 swiming 1070 98 297 381 swiming 950 332 100 407 swiming 941 228 175 417 swiming 927 860 493 156 swiming 
004022.jpg Weak 315 261 499 251 swiming 529 325 420 188 swiming 418 742 417 132 swiming 448 154 290 306 swiming 1247 142 229 376 swiming 1241 210 111 391 static 880 298 126 376 swiming 738 654 326 360 swiming 1069 95 287 380 swiming 950 325 100 407 swiming 941 227 175 415 swiming 923 862 493 156 swiming 
004023.jpg Weak 319 259 497 251 swiming 532 323 420 188 swiming 431 741 402 136 swiming 447 156 286 311 swiming 1253 141 224 382 swiming 1241 211 111 391 static 881 295 130 374 swiming 739 649 324 363 swiming 1068 92 277 380 swiming 950 319 100 407 swiming 941 227 176 409 swiming 919 863 492 156 swiming 
004024.jpg Weak 323 258 495 250 swiming 535 321 420 188 swiming 443 739 389 140 swiming 446 157 283 317 swiming 1260 140 218 388 swiming 1241 213 111 391 static 881 292 135 371 swiming 740 644 321 366 swiming 1067 89 268 380 swiming 950 312 100 407 swiming 942 227 177 404 swiming 915 865 492 156 swiming 
004025.jpg Weak 327 257 493 248 swiming 537 319 420 188 swiming 455 738 375 144 swiming 444 158 280 323 swiming 1261 144 219 389 swiming 1241 214 111 391 static 882 289 138 369 swiming 741 639 318 369 swiming 1066 87 259 376 swiming 950 306 100 407 swiming 942 227 178 399 swiming 910 866 493 156 swiming 
004026.jpg Weak 331 257 491 246 swiming 540 317 420 188 swiming 467 737 361 148 swiming 443 160 276 328 swiming 1262 148 220 390 swiming 1241 215 111 391 static 882 286 143 367 swiming 742 634 316 373 swiming 1066 86 250 371 swiming 941 307 112 398 swiming 943 228 179 393 swiming 906 868 493 156 swiming 
004027.jpg Weak 335 257 489 244 swiming 543 315 420 188 swiming 480 736 347 151 swiming 442 161 272 334 swiming 1263 152 221 391 swiming 1240 217 111 391 static 883 282 147 365 swiming 735 633 316 370 swiming 1066 85 241 367 swiming 932 308 124 389 swiming 943 228 180 388 swiming 902 870 493 156 swiming 
004028.jpg Weak 339 257 487 242 swiming 546 313 420 188 swiming 492 734 333 156 swiming 440 162 270 340 swiming 1264 157 222 391 swiming 1240 218 111 391 static 883 279 151 363 swiming 729 633 316 367 swiming 1065 84 233 362 swiming 924 310 135 379 swiming 944 228 181 383 swiming 898 871 492 156 swiming 
004029.jpg Weak 343 257 485 240 swiming 549 311 420 188 swiming 504 733 320 159 swiming 439 164 266 345 swiming 1265 161 223 392 swiming 1240 220 111 391 static 884 276 155 360 swiming 723 633 316 364 swiming 1065 82 224 358 swiming 915 311 147 370 swiming 944 228 182 378 swiming 894 873 492 156 swiming 
004030.jpg Weak 347 257 483 238 swiming 552 309 420 188 swiming 516 732 306 163 swiming 438 165 262 351 swiming 1266 165 224 394 swiming 1240 221 111 391 static 884 273 160 358 swiming 717 633 316 361 swiming 1065 81 215 354 swiming 907 312 158 361 swiming 945 229 183 372 swiming 890 874 492 156 swiming 
004031.jpg Weak 351 256 481 237 swiming 555 308 420 188 swiming 529 731 292 167 swiming 436 166 260 357 swiming 1267 169 225 395 swiming 1240 222 111 391 static 885 270 164 356 swiming 711 632 315 359 swiming 1064 80 207 349 swiming 898 314 170 351 swiming 945 229 184 367 swiming 886 876 492 156 swiming 
004032.jpg Weak 355 256 479 235 swiming 556 305 420 188 swiming 528 729 292 172 swiming 435 168 256 362 swiming 1268 174 226 395 swiming 1240 224 111 391 static 884 268 162 356 swiming 705 632 315 356 swiming 1064 79 198 344 swiming 890 315 181 342 swiming 946 229 185 362 swiming 882 878 492 156 swiming 
004033.jpg Weak 359 256 477 233 swiming 557 303 420 188 swiming 528 727 291 178 swiming 434 169 252 368 swiming 1269 178 227 396 swiming 1240 225 111 391 static 883 267 161 356 swiming 699 632 315 352 swiming 1064 78 189 340 swiming 881 316 193 333 swiming 947 230 186 356 swiming 877 880 492 156 swiming 
004034.jpg Weak 363 256 475 231 swiming 559 301 420 188 swiming 528 725 291 184 swiming 433 171 249 373 swiming 1270 182 228 397 swiming 1240 227 111 391 static 883 265 158 356 swiming 693 632 315 349 swiming 1060 79 186 339 swiming 873 318 205 324 swiming 944 231 187 356 swiming 873 882 492 156 swiming 
004035.jpg Weak 367 256 473 229 swiming 560 299 420 188 swiming 527 723 291 190 swiming 429 179 241 374 swiming 1271 186 229 398 swiming 1238 231 115 388 static 882 264 157 356 swiming 687 631 314 347 swiming 1056 80 183 338 swiming 864 318 218 310 swiming 942 232 188 356 swiming 869 884 492 156 swiming 
004036.jpg Weak 371 256 471 227 swiming 562 297 420 188 swiming 527 721 291 196 swiming 425 188 234 374 swiming 1273 191 229 399 swiming 1237 235 119 385 static 882 262 154 356 swiming 681 631 314 344 swiming 1052 81 181 337 swiming 856 318 231 296 swiming 940 233 189 356 swiming 865 886 492 156 swiming 
004037.jpg Weak 375 256 469 225 swiming 563 295 420 188 swiming 527 719 290 202 swiming 421 196 227 375 swiming 1274 194 229 400 swiming 1236 239 123 382 static 881 261 153 356 swiming 675 631 314 341 swiming 1048 82 178 336 swiming 847 318 245 283 swiming 938 234 190 356 swiming 860 889 492 156 swiming 
004038.jpg Weak 379 254 466 225 swiming 565 292 420 188 swiming 526 717 291 208 swiming 417 205 220 375 swiming 1276 198 229 401 swiming 1235 243 126 379 static 881 259 150 356 swiming 669 631 314 338 swiming 1044 84 175 334 swiming 839 318 257 269 swiming 936 235 191 356 swiming 856 891 492 156 swiming 
004039.jpg Weak 384 253 462 225 swiming 566 290 420 188 swiming 526 715 290 214 swiming 413 213 213 376 swiming 1278 202 228 402 swiming 1233 247 131 376 static 880 258 149 356 swiming 663 631 314 335 swiming 1040 85 173 333 swiming 830 318 271 256 swiming 934 236 192 357 swiming 852 893 492 156 swiming 
004040.jpg Weak 389 252 458 225 swiming 568 288 420 188 swiming 526 713 290 220 swiming 410 222 205 376 swiming 1279 206 229 403 swiming 1232 251 135 373 static 880 256 146 356 swiming 658 628 320 328 swiming 1036 86 170 332 swiming 822 318 284 242 swiming 931 237 194 357 swiming 848 895 492 156 swiming 
004041.jpg Weak 394 251 454 225 swiming 569 286 420 188 swiming 538 709 281 229 swiming 406 230 198 377 swiming 1281 210 229 404 swiming 1231 255 138 371 static 879 255 145 356 swiming 653 625 327 322 swiming 1032 87 167 331 swiming 814 318 297 229 swiming 929 238 195 357 swiming 844 897 492 156 swiming 
004042.jpg Weak 399 250 450 225 swiming 571 284 420 188 swiming 550 705 272 238 swiming 402 239 191 377 swiming 1283 214 228 405 swiming 1230 259 142 368 static 879 254 143 356 swiming 648 623 334 315 swiming 1029 89 164 329 swiming 807 317 307 218 swiming 927 239 196 357 swiming 839 900 492 156 swiming 
004043.jpg Weak 403 249 447 224 swiming 572 282 420 188 swiming 562 701 263 247 swiming 398 247 184 378 swiming 1285 218 228 406 swiming 1228 263 147 365 static 879 252 145 354 swiming 644 620 340 309 swiming 1028 89 164 329 swiming 800 317 317 207 swiming 925 240 197 357 swiming 835 902 492 156 swiming 
004044.jpg Weak 408 248 443 224 swiming 574 280 420 188 swiming 574 698 254 255 swiming 394 256 177 378 swiming 1286 222 229 407 swiming 1227 267 150 362 static 879 250 148 353 swiming 639 617 347 303 swiming 1028 89 164 329 swiming 793 316 328 197 swiming 923 241 198 357 swiming 831 904 492 156 swiming 
004045.jpg Weak 413 247 439 224 swiming 574 278 418 188 swiming 586 694 245 265 swiming 390 264 170 379 swiming 1288 226 228 408 swiming 1226 271 154 359 static 879 248 150 352 swiming 634 615 354 296 swiming 1028 89 164 329 swiming 786 316 338 186 swiming 921 243 199 357 swiming 827 906 492 156 swiming 
004046.jpg Weak 418 246 435 224 swiming 575 276 416 188 swiming 598 690 236 274 swiming 387 273 162 380 swiming 1290 230 228 409 swiming 1225 275 158 356 static 880 246 152 350 swiming 630 612 359 289 swiming 1027 90 164 329 swiming 779 315 349 176 swiming 921 245 199 355 swiming 823 909 492 156 swiming 
004047.jpg Weak 423 245 431 224 swiming 576 274 414 188 swiming 610 687 227 282 swiming 384 279 162 380 swiming 1291 234 229 410 swiming 1224 280 162 353 static 880 244 155 349 swiming 625 610 366 282 swiming 1027 90 164 329 swiming 772 315 359 165 swiming 921 248 199 352 swiming 818 909 492 156 swiming 
004048.jpg Weak 427 244 428 223 swiming 577 272 412 188 swiming 622 683 218 291 swiming 381 285 162 380 swiming 1293 238 228 411 swiming 1223 281 163 353 static 880 242 157 348 swiming 620 607 373 276 swiming 1027 90 164 329 swiming 766 315 369 154 swiming 921 251 199 349 swiming 814 910 492 156 swiming 
004049.jpg Weak 432 243 424 223 swiming 577 270 411 188 swiming 634 679 209 300 swiming 378 291 162 380 swiming 1295 242 228 412 swiming 1222 282 164 353 static 881 240 159 346 swiming 616 604 379 270 swiming 1026 91 164 329 swiming 758 315 377 150 swiming 922 254 198 346 swiming 810 911 492 156 swiming 
004050.jpg Weak 437 242 420 223 swiming 578 269 409 187 swiming 647 676 199 309 swiming 375 298 162 380 swiming 1297 246 228 413 swiming 1221 283 165 353 static 881 238 161 345 swiming 611 602 386 263 swiming 1026 91 164 329 swiming 751 316 385 145 swiming 922 256 198 344 swiming 806 911 492 156 swiming 
004051.jpg Weak 442 241 416 223 swiming 579 267 406 187 swiming 654 680 200 301 swiming 373 304 162 380 swiming 1300 249 224 414 swiming 1221 284 165 353 static 881 236 164 344 swiming 606 599 393 257 swiming 1026 91 164 329 swiming 744 317 393 140 swiming 922 259 198 341 swiming 802 912 492 156 swiming 
004052.jpg Weak 447 240 412 223 swiming 580 265 404 187 swiming 662 685 201 293 swiming 370 310 162 380 swiming 1304 253 220 415 swiming 1220 285 166 353 static 882 234 166 342 swiming 602 597 399 250 swiming 1026 92 164 329 swiming 737 318 401 135 swiming 922 262 198 338 swiming 798 913 492 156 swiming 
004053.jpg Weak 452 239 409 223 swiming 580 263 403 187 swiming 669 690 203 285 swiming 367 317 162 380 swiming 1308 256 216 417 swiming 1219 286 167 353 static 882 232 168 341 swiming 597 593 399 250 swiming 1023 91 164 328 swiming 730 318 409 131 swiming 923 265 197 335 swiming 794 913 492 156 swiming 
004054.jpg Weak 455 237 404 221 swiming 581 261 401 187 swiming 677 695 204 277 swiming 364 323 162 380 swiming 1311 260 212 418 swiming 1219 287 167 353 static 882 230 171 340 swiming 592 590 399 250 swiming 1020 90 164 327 swiming 723 319 417 126 swiming 923 267 197 333 swiming 790 914 492 156 swiming 
004055.jpg Weak 459 235 398 219 swiming 582 259 399 187 swiming 685 700 205 269 swiming 361 329 162 380 swiming 1315 263 208 420 swiming 1218 288 168 353 static 883 229 173 338 swiming 587 586 399 250 swiming 1017 89 164 326 swiming 716 320 425 121 swiming 923 270 197 330 swiming 786 915 492 156 swiming 
004056.jpg Weak 463 234 392 216 swiming 583 258 397 186 swiming 692 705 207 261 swiming 359 336 162 380 swiming 1319 267 204 421 swiming 1217 289 169 353 static 883 226 179 335 swiming 582 583 399 250 swiming 1015 89 163 324 swiming 709 321 433 117 swiming 923 273 197 327 swiming 782 915 492 156 swiming 
004057.jpg Weak 467 232 386 214 swiming 588 256 393 190 swiming 700 710 208 253 swiming 352 344 176 372 swiming 1322 271 200 421 swiming 1216 290 170 353 static 883 224 185 331 swiming 578 580 399 250 swiming 1012 88 163 323 swiming 703 320 429 116 swiming 924 276 197 325 swiming 778 916 492 156 swiming 
004058.jpg Weak 471 230 380 212 swiming 593 255 389 194 swiming 708 715 209 245 swiming 346 353 189 364 swiming 1326 274 196 423 swiming 1216 291 170 353 static 884 222 190 328 swiming 573 576 399 250 swiming 1009 87 163 322 swiming 698 320 425 115 swiming 920 276 203 323 swiming 774 917 492 156 swiming 
004059.jpg Weak 474 229 375 209 swiming 598 253 386 198 swiming 699 723 224 238 swiming 340 362 203 356 swiming 1330 278 192 424 swiming 1215 292 171 353 static 884 220 196 324 swiming 568 573 399 250 swiming 1007 87 163 321 swiming 693 319 421 114 swiming 916 276 209 321 swiming 769 917 492 156 swiming 
004060.jpg Weak 478 227 369 207 swiming 603 252 382 202 swiming 690 731 239 231 swiming 334 371 216 348 swiming 1333 281 188 426 swiming 1214 293 172 353 static 885 218 201 321 swiming 563 569 399 250 swiming 1004 86 163 320 swiming 687 319 418 113 swiming 912 277 215 318 swiming 765 917 492 156 swiming 
004061.jpg Weak 482 225 364 205 swiming 608 250 379 207 swiming 681 739 254 224 swiming 327 380 230 340 swiming 1337 285 184 427 swiming 1214 294 173 354 static 885 216 207 317 swiming 558 566 399 250 swiming 1001 85 163 319 swiming 682 318 414 113 swiming 908 277 221 316 swiming 760 917 492 156 swiming 
004062.jpg Weak 486 224 358 202 swiming 613 249 375 210 swiming 673 748 268 216 swiming 321 389 244 332 swiming 1341 289 180 428 swiming 1213 295 175 354 static 886 214 212 314 swiming 554 563 399 250 swiming 999 85 162 317 swiming 677 318 409 111 swiming 904 277 227 314 swiming 756 917 492 156 swiming 
004063.jpg Weak 490 222 352 200 swiming 619 247 371 215 swiming 664 756 283 209 swiming 315 398 257 324 swiming 1339 292 182 427 swiming 1212 296 177 354 static 886 212 218 310 swiming 548 558 402 247 swiming 996 84 162 316 swiming 671 317 406 111 swiming 900 278 233 311 swiming 751 917 492 156 swiming 
004064.jpg Weak 493 220 347 198 swiming 624 246 367 219 swiming 655 764 298 202 swiming 309 407 271 316 swiming 1338 296 183 425 swiming 1211 297 179 354 static 887 210 223 307 swiming 543 554 404 244 swiming 993 83 162 315 swiming 666 317 402 109 swiming 896 278 239 309 swiming 747 917 492 156 swiming 
004065.jpg Weak 497 219 341 195 swiming 629 244 363 223 swiming 647 773 312 194 swiming 307 414 280 308 swiming 1337 300 185 423 swiming 1211 298 180 354 static 887 208 229 303 swiming 538 549 406 242 swiming 991 83 162 314 swiming 661 316 398 109 swiming 892 279 245 306 swiming 742 917 492 156 swiming 
004066.jpg Weak 501 217 335 193 swiming 634 243 360 227 swiming 638 781 327 187 swiming 305 421 289 300 swiming 1336 304 186 422 swiming 1210 299 182 354 static 888 206 234 300 swiming 532 545 409 238 swiming 994 85 160 312 swiming 656 316 394 108 swiming 889 279 250 306 swiming 738 917 492 156 swiming 
004067.jpg Weak 505 215 329 191 swiming 639 241 356 232 swiming 629 789 342 180 swiming 304 429 298 292 swiming 1334 307 188 421 swiming 1209 301 184 354 static 882 206 243 296 swiming 527 541 411 235 swiming 998 87 157 311 swiming 647 318 394 106 swiming 887 280 254 306 swiming 733 917 492 156 swiming 
004068.jpg Weak 509 214 324 189 swiming 644 240 353 235 swiming 621 798 356 172 swiming 302 436 307 284 swiming 1333 311 190 419 swiming 1208 302 186 354 static 877 206 252 292 swiming 522 536 414 233 swiming 1002 89 154 310 swiming 638 321 394 103 swiming 885 280 258 306 swiming 729 917 492 156 swiming 
004069.jpg Weak 504 212 327 193 swiming 649 238 349 240 swiming 629 795 354 177 swiming 300 443 316 276 swiming 1332 315 191 418 swiming 1208 303 187 354 static 872 206 260 288 swiming 517 532 416 230 swiming 1005 91 152 308 swiming 629 323 394 101 swiming 883 281 262 306 swiming 725 917 492 156 swiming 
004070.jpg Weak 499 211 331 196 swiming 655 237 345 244 swiming 638 792 351 182 swiming 299 451 325 268 swiming 1331 319 193 416 swiming 1207 304 189 354 static 867 207 269 284 swiming 511 528 419 226 swiming 1009 93 149 307 swiming 620 326 394 98 swiming 881 282 266 305 swiming 722 916 492 156 swiming 
004071.jpg Weak 494 210 334 199 swiming 659 236 342 245 swiming 646 789 349 188 swiming 297 458 334 260 swiming 1329 322 195 415 swiming 1206 305 191 354 static 862 207 278 280 swiming 506 523 421 224 swiming 1013 95 146 306 swiming 612 328 394 96 swiming 879 282 270 306 swiming 720 916 492 156 swiming 
004072.jpg Weak 489 209 338 202 swiming 663 235 340 246 swiming 655 786 346 193 swiming 295 465 343 252 swiming 1328 326 196 414 swiming 1206 306 192 354 static 856 207 287 276 swiming 501 519 423 221 swiming 1016 97 144 304 swiming 603 331 394 93 swiming 877 283 274 305 swiming 717 916 492 156 swiming 
004073.jpg Weak 484 208 341 205 swiming 667 234 338 247 swiming 663 783 345 199 swiming 294 473 352 244 swiming 1327 330 198 412 swiming 1205 308 194 354 static 851 208 296 272 swiming 496 515 426 218 swiming 1020 99 141 303 swiming 594 333 394 91 swiming 875 284 279 305 swiming 715 916 492 156 swiming 
004074.jpg Weak 480 207 344 208 swiming 671 233 336 248 swiming 672 780 342 204 swiming 292 480 361 236 swiming 1326 334 199 410 swiming 1204 309 196 354 static 846 208 304 268 swiming 488 513 426 218 swiming 1024 101 138 302 swiming 585 336 394 88 swiming 873 285 282 302 swiming 712 916 492 156 swiming 
004075.jpg Weak 475 206 348 211 swiming 675 232 334 249 swiming 680 777 340 210 swiming 291 488 370 228 swiming 1325 338 201 409 swiming 1203 310 198 354 static 841 208 313 264 swiming 481 512 426 218 swiming 1027 103 136 300 swiming 577 339 394 85 swiming 871 286 285 299 swiming 710 915 492 156 swiming 
004076.jpg Weak 470 205 351 214 swiming 680 232 331 250 swiming 689 774 337 215 swiming 289 495 371 222 swiming 1322 344 202 406 swiming 1203 311 199 354 static 836 209 322 260 swiming 474 511 426 218 swiming 1031 105 133 299 swiming 571 338 393 87 swiming 869 287 288 296 swiming 707 915 492 156 swiming 
004077.jpg Weak 465 204 355 217 swiming 684 231 329 251 swiming 698 771 335 221 swiming 288 502 371 216 swiming 1320 350 202 403 swiming 1202 312 201 354 static 837 209 322 254 swiming 467 509 426 218 swiming 1035 107 130 298 swiming 566 338 391 88 swiming 868 288 290 293 swiming 705 915 492 156 swiming 
004078.jpg Weak 460 203 358 220 swiming 688 230 327 252 swiming 701 768 337 220 swiming 286 509 373 210 swiming 1317 357 204 399 swiming 1201 313 203 354 static 839 209 322 249 swiming 460 508 426 218 swiming 1035 109 137 293 swiming 560 337 390 90 swiming 866 289 294 290 swiming 702 915 492 156 swiming 
004079.jpg Weak 455 202 362 223 swiming 692 229 324 253 swiming 705 766 339 219 swiming 285 516 373 204 swiming 1315 363 204 396 swiming 1201 315 205 354 static 840 209 322 243 swiming 453 507 426 218 swiming 1035 111 144 289 swiming 555 337 388 91 swiming 864 290 297 287 swiming 700 915 492 156 swiming 
004080.jpg Weak 451 201 365 226 swiming 696 228 322 254 swiming 709 763 340 219 swiming 283 523 375 198 swiming 1312 370 206 393 swiming 1200 316 206 353 static 842 210 322 237 swiming 446 505 426 218 swiming 1035 113 151 284 swiming 549 337 387 92 swiming 863 291 299 284 swiming 697 915 492 156 swiming 
004081.jpg Weak 453 200 367 228 swiming 701 228 319 255 swiming 713 761 342 217 swiming 282 530 375 192 swiming 1310 376 206 390 swiming 1199 317 208 352 static 844 210 321 231 swiming 439 504 426 218 swiming 1035 115 158 280 swiming 544 336 385 94 swiming 861 292 302 281 swiming 695 914 492 156 swiming 
004082.jpg Weak 455 199 370 231 swiming 705 227 317 256 swiming 716 758 344 217 swiming 280 537 377 186 swiming 1307 383 208 386 swiming 1198 318 210 352 static 845 210 322 226 swiming 432 503 426 218 swiming 1035 117 165 275 swiming 538 336 384 95 swiming 859 293 305 278 swiming 692 914 492 156 swiming 
004083.jpg Weak 709 226 315 257 swiming 720 756 346 216 swiming 279 544 377 180 swiming 1305 389 208 383 swiming 1197 319 212 351 static 847 210 321 220 swiming 422 496 431 222 swiming 1035 119 172 271 swiming 533 336 383 97 swiming 858 294 308 276 swiming 690 914 492 156 swiming 
004084.jpg Weak 441 194 378 243 feeding 713 225 313 258 swiming 724 754 348 214 swiming 277 551 379 174 swiming 1303 396 209 380 swiming 1196 320 214 350 static 849 211 321 214 swiming 413 490 435 226 swiming 1035 121 179 267 swiming 527 332 379 101 swiming 858 294 308 275 swiming 687 914 492 156 swiming 
004085.jpg Weak 452 190 366 248 feeding 717 224 311 259 swiming 728 751 349 214 swiming 276 558 379 168 swiming 1299 401 211 380 swiming 1195 321 216 350 static 850 211 321 208 swiming 404 484 439 230 swiming 1035 123 186 262 swiming 522 329 375 105 swiming 859 294 308 274 swiming 685 914 492 156 swiming 
004086.jpg Weak 463 187 355 252 feeding 722 224 308 260 swiming 731 749 352 213 swiming 275 566 380 162 swiming 1295 407 214 380 swiming 1194 322 218 349 static 852 211 321 203 swiming 395 478 443 234 swiming 1035 125 193 258 swiming 516 326 371 109 swiming 860 294 308 273 swiming 683 914 492 156 swiming 
004087.jpg Weak 474 184 344 256 feeding 724 221 306 260 swiming 735 746 353 212 swiming 279 561 367 173 swiming 1291 413 216 380 swiming 1193 323 220 348 static 854 212 321 197 swiming 385 472 448 238 swiming 1035 127 200 253 swiming 511 323 367 113 swiming 861 295 307 272 swiming 679 913 492 157 swiming 
004088.jpg Weak 485 180 333 261 feeding 726 219 304 260 swiming 739 744 355 211 swiming 283 556 354 184 swiming 1287 418 219 380 swiming 1192 324 222 348 static 858 212 321 196 swiming 376 466 452 242 swiming 1035 129 207 249 swiming 505 320 363 117 swiming 862 295 307 271 swiming 676 913 492 158 swiming 
004089.jpg Weak 496 177 322 265 feeding 729 217 301 260 swiming 743 742 357 210 swiming 288 552 340 194 swiming 1283 424 222 380 swiming 1191 326 223 346 static 862 213 321 194 swiming 367 460 456 246 swiming 1036 132 213 244 swiming 500 317 359 121 swiming 863 295 307 270 swiming 673 913 492 159 swiming 
004090.jpg Weak 507 174 311 269 feeding 731 215 299 260 swiming 747 741 358 206 swiming 292 547 327 206 swiming 1279 430 224 380 swiming 1190 327 225 346 static 866 213 321 193 swiming 358 454 460 250 swiming 1032 131 219 243 swiming 494 314 355 125 swiming 864 295 307 269 swiming 670 913 492 159 swiming 
004091.jpg Weak 518 171 300 274 feeding 734 212 296 260 swiming 752 740 359 202 swiming 296 542 314 217 swiming 1275 435 227 380 swiming 1189 328 227 345 static 870 214 321 191 swiming 353 446 458 253 swiming 1028 130 225 242 swiming 489 311 351 129 swiming 865 296 306 268 swiming 667 913 492 160 swiming 
004092.jpg Weak 518 166 300 282 feeding 736 210 295 260 swiming 757 739 360 198 swiming 301 538 300 227 swiming 1271 441 229 380 swiming 1188 329 229 344 static 874 214 321 190 swiming 349 439 456 256 swiming 1024 129 232 242 swiming 485 308 345 133 swiming 866 296 306 267 swiming 663 912 492 162 swiming 
004093.jpg Weak 519 162 299 289 feeding 738 208 293 260 swiming 762 738 360 195 swiming 305 533 287 238 swiming 1267 447 232 380 swiming 1187 330 231 344 static 878 215 322 188 swiming 345 431 454 259 swiming 1020 128 238 241 swiming 482 306 338 136 swiming 867 296 306 266 swiming 660 912 492 162 swiming 
004094.jpg Weak 519 158 299 296 feeding 741 206 290 260 swiming 767 737 361 191 swiming 309 528 274 250 swiming 1264 453 234 380 swiming 1186 331 233 343 static 882 215 322 187 swiming 341 424 451 262 swiming 1017 128 243 239 swiming 478 303 333 140 swiming 868 297 306 265 swiming 657 912 492 163 swiming 
004095.jpg Weak 520 153 298 304 feeding 743 203 288 260 swiming 772 736 362 187 swiming 314 524 260 260 swiming 1260 458 234 380 swiming 1185 332 235 342 static 886 216 322 185 swiming 337 417 449 264 swiming 1013 127 250 239 swiming 475 301 326 143 swiming 864 297 310 263 swiming 654 912 492 164 swiming 
004096.jpg Weak 520 149 298 311 feeding 746 201 285 260 swiming 776 735 363 183 swiming 318 519 247 271 swiming 1257 464 234 380 swiming 1184 333 237 342 static 890 216 322 184 swiming 332 409 448 268 swiming 1009 126 256 238 swiming 471 299 321 146 swiming 860 298 314 261 swiming 651 912 492 164 swiming 
004097.jpg Weak 521 145 298 319 feeding 748 199 283 260 swiming 781 734 364 180 swiming 323 515 234 282 swiming 1254 470 234 380 swiming 1183 334 239 341 static 894 217 322 182 swiming 328 402 446 270 swiming 1005 125 262 237 swiming 468 296 314 150 swiming 857 299 317 259 swiming 647 911 492 166 swiming 
004098.jpg Weak 533 140 285 324 feeding 751 197 281 260 swiming 786 733 365 176 swiming 321 507 233 299 swiming 1250 475 234 380 swiming 1182 336 241 340 static 899 218 322 180 swiming 324 395 443 273 swiming 1002 125 268 236 swiming 464 294 308 153 swiming 853 300 321 256 swiming 644 911 492 167 swiming 
004099.jpg Weak 546 136 272 328 feeding 763 195 280 243 swiming 791 732 365 172 swiming 319 500 233 315 swiming 1247 481 234 380 swiming 1180 340 246 330 static 893 217 338 180 swiming 320 387 441 276 swiming 994 124 279 235 swiming 461 291 302 157 swiming 850 301 324 254 swiming 641 911 492 167 swiming 
004100.jpg Weak 559 131 258 333 feeding 775 193 280 226 swiming 796 731 366 168 swiming 317 493 232 331 swiming 1244 487 234 380 swiming 1179 344 250 320 static 887 217 354 179 swiming 316 380 439 279 swiming 986 123 290 234 swiming 457 289 296 160 swiming 846 302 328 252 swiming 638 911 492 168 swiming 
