004001.jpg Weak 881 808 568 159 swiming 176 780 626 194 swiming 265 267 239 195 feeding 226 619 455 247 feeding 739 751 298 308 feeding 970 168 298 478 deceleration 1163 10 293 372 swiming 901 101 301 269 swiming 385 71 496 154 feeding 436 236 451 167 feeding 811 393 169 437 swiming 
004002.jpg Weak 888 807 568 159 swiming 181 781 627 193 swiming 272 266 237 191 feeding 232 619 452 247 feeding 738 751 300 304 feeding 976 162 293 477 deceleration 1160 9 293 372 swiming 898 101 297 271 swiming 389 72 496 151 feeding 434 238 454 165 feeding 817 390 164 435 swiming 
004003.jpg Weak 895 807 568 159 swiming 187 782 626 192 swiming 268 266 237 190 feeding 238 619 450 247 feeding 737 752 302 300 feeding 983 155 287 478 deceleration 1158 8 293 372 swiming 896 102 292 273 swiming 393 73 496 149 feeding 432 240 457 163 feeding 823 388 159 431 swiming 
004004.jpg Weak 900 808 565 158 swiming 193 783 626 190 swiming 264 266 237 190 feeding 243 619 448 247 feeding 736 753 304 296 feeding 990 149 281 477 deceleration 1156 7 293 372 swiming 894 102 287 276 swiming 393 72 496 149 feeding 430 242 460 161 feeding 829 386 155 428 swiming 
004005.jpg Weak 906 809 561 158 swiming 198 784 627 189 swiming 260 266 237 189 feeding 249 619 445 247 feeding 736 754 305 292 feeding 996 142 276 477 deceleration 1152 6 300 368 swiming 892 103 283 278 swiming 394 71 496 149 feeding 428 243 463 160 feeding 830 383 154 428 swiming 
004006.jpg Weak 912 810 558 158 swiming 204 785 626 188 swiming 256 266 238 189 feeding 255 619 443 247 feeding 735 755 308 288 feeding 1003 136 270 476 deceleration 1149 6 307 364 swiming 890 104 278 280 swiming 394 70 496 149 feeding 426 245 467 158 feeding 832 381 152 428 swiming 
004007.jpg Weak 917 811 555 158 swiming 210 786 626 187 swiming 252 266 238 188 feeding 261 619 440 247 feeding 734 756 310 284 feeding 1145 6 314 360 swiming 888 104 273 283 swiming 395 69 496 149 feeding 424 247 470 155 feeding 834 379 151 428 swiming 
004008.jpg Weak 923 812 552 157 swiming 216 787 626 186 swiming 248 266 238 188 feeding 267 619 438 247 feeding 734 757 311 280 feeding 1011 115 260 519 swiming 1142 6 321 356 swiming 885 105 270 284 swiming 396 68 496 149 feeding 422 249 473 153 feeding 836 377 149 428 swiming 
004009.jpg Weak 929 813 548 157 swiming 218 785 628 188 swiming 245 266 238 188 feeding 262 630 444 236 feeding 733 758 313 276 feeding 1015 112 256 515 swiming 1139 6 328 352 swiming 883 105 265 287 swiming 396 67 496 149 feeding 420 250 476 152 feeding 837 375 149 428 swiming 
004010.jpg Weak 934 814 546 157 swiming 221 783 630 190 swiming 238 265 248 188 feeding 258 641 449 225 feeding 732 759 315 272 feeding 1020 109 251 511 swiming 1135 5 335 349 swiming 881 106 260 289 swiming 397 66 496 149 feeding 418 252 479 150 feeding 839 373 147 428 swiming 
004011.jpg Weak 940 815 542 157 swiming 224 782 632 191 swiming 231 264 258 188 feeding 253 652 456 215 feeding 732 760 317 268 feeding 1025 107 246 506 swiming 1132 5 342 345 swiming 879 107 256 291 swiming 397 65 496 149 feeding 416 254 482 148 feeding 841 370 145 428 swiming 
004012.jpg Weak 946 817 539 156 swiming 227 780 634 194 swiming 224 264 268 188 feeding 249 664 461 203 feeding 729 761 320 264 feeding 1029 104 242 502 swiming 1128 5 349 341 swiming 877 107 251 294 swiming 398 64 496 149 feeding 414 256 486 146 feeding 843 368 144 428 swiming 
004013.jpg Weak 950 816 536 155 swiming 229 778 636 196 swiming 217 263 278 188 feeding 245 675 467 193 feeding 726 762 324 261 feeding 1034 101 237 498 swiming 1125 5 356 337 swiming 875 108 246 296 swiming 399 63 496 149 feeding 413 258 483 146 feeding 844 366 143 428 swiming 
004014.jpg Weak 954 815 534 155 swiming 232 777 638 197 swiming 210 262 288 188 feeding 240 686 473 182 feeding 723 763 327 258 feeding 1039 99 232 493 swiming 1122 5 363 333 swiming 873 109 242 298 swiming 399 62 496 149 feeding 412 260 481 146 feeding 846 364 142 428 swiming 
004015.jpg Weak 958 814 531 155 swiming 235 775 640 199 swiming 203 262 298 188 feeding 236 698 478 170 feeding 721 764 330 255 feeding 1043 96 228 489 swiming 1118 4 370 329 swiming 872 105 239 302 swiming 400 61 496 149 feeding 412 262 477 146 feeding 848 362 140 428 swiming 
004016.jpg Weak 962 813 529 155 swiming 238 774 642 201 swiming 202 262 304 188 feeding 231 709 485 160 feeding 718 765 334 252 feeding 1048 94 223 484 swiming 1114 3 377 326 swiming 871 102 237 305 swiming 401 60 496 149 feeding 411 264 475 146 feeding 850 360 139 428 swiming 
004017.jpg Weak 966 812 527 154 swiming 243 772 639 203 swiming 201 262 310 188 feeding 227 720 490 149 feeding 715 766 337 249 feeding 1053 91 218 480 swiming 1110 3 385 322 swiming 870 99 234 308 swiming 402 60 495 149 feeding 410 266 473 146 feeding 850 357 139 428 swiming 
004018.jpg Weak 970 811 524 154 swiming 248 771 637 205 swiming 200 263 317 187 feeding 223 732 496 138 feeding 713 767 340 246 feeding 1057 88 214 476 swiming 1106 2 392 319 swiming 870 96 231 311 swiming 404 61 493 149 feeding 410 268 469 146 feeding 850 354 139 428 swiming 
004019.jpg Weak 974 810 522 154 swiming 253 769 634 207 swiming 199 263 323 187 feeding 225 733 496 138 feeding 710 768 343 243 feeding 1062 86 209 471 swiming 1102 2 400 314 swiming 869 93 228 314 swiming 406 61 491 149 feeding 409 270 467 146 feeding 851 352 139 428 swiming 
004020.jpg Weak 978 809 520 154 swiming 258 768 632 209 swiming 198 264 330 186 feeding 227 734 496 138 feeding 707 769 347 240 feeding 1067 83 204 467 swiming 1098 1 407 311 swiming 868 90 226 317 swiming 407 62 490 149 feeding 409 272 464 146 feeding 851 349 139 428 swiming 
004021.jpg Weak 985 808 515 152 swiming 263 766 629 211 swiming 197 264 336 186 feeding 229 735 496 138 feeding 705 771 350 236 feeding 1072 81 200 463 swiming 1094 1 415 307 swiming 867 86 224 321 swiming 409 62 488 149 feeding 414 269 454 154 feeding 852 346 138 428 swiming 
004022.jpg Weak 992 808 511 150 swiming 268 765 627 213 swiming 196 265 343 185 feeding 231 736 496 138 feeding 704 769 352 236 feeding 1070 78 203 459 swiming 1090 0 422 304 swiming 867 83 220 324 swiming 411 63 486 149 feeding 420 266 444 163 feeding 852 344 139 428 swiming 
004023.jpg Weak 999 808 507 147 swiming 274 764 627 215 swiming 195 265 349 185 feeding 233 737 496 138 feeding 703 768 354 236 feeding 1068 76 207 455 swiming 1087 0 429 300 swiming 866 80 218 327 swiming 412 64 485 148 feeding 425 263 435 172 feeding 852 341 139 428 swiming 
004024.jpg Weak 1007 808 501 145 swiming 281 764 627 216 swiming 195 266 355 185 feeding 235 738 496 138 feeding 702 767 357 236 feeding 1066 74 211 451 swiming 1086 1 432 296 swiming 865 77 215 330 swiming 414 64 483 149 feeding 431 261 425 180 feeding 853 338 138 428 swiming 
004025.jpg Weak 1014 808 497 142 swiming 288 764 627 217 swiming 195 266 355 185 feeding 238 740 496 138 feeding 701 766 359 236 feeding 1064 71 215 448 swiming 1085 3 435 291 swiming 864 74 213 333 swiming 416 65 481 148 feeding 437 258 415 189 feeding 853 336 139 428 swiming 
