003001.jpg Weak 1104 170 273 143 static 706 381 319 254 swiming 581 225 269 280 swiming 933 897 347 123 swiming 505 206 227 347 feeding 624 650 211 295 feeding 352 318 229 379 swiming 611 558 211 453 acceleration 854 770 418 195 swiming 459 765 288 294 swiming 510 736 224 341 acceleration 434 478 354 301 swiming 
003002.jpg Weak 1104 170 273 143 static 705 380 319 257 swiming 586 224 267 278 swiming 935 894 355 129 swiming 506 203 230 344 feeding 624 650 210 295 feeding 350 315 233 381 swiming 606 538 219 458 acceleration 864 768 417 195 swiming 475 761 271 294 swiming 499 735 237 342 acceleration 435 467 354 316 swiming 
003003.jpg Weak 1104 170 273 143 static 705 380 319 259 swiming 592 224 264 275 swiming 938 891 363 135 swiming 508 199 231 343 feeding 624 650 209 295 feeding 347 312 238 382 swiming 601 517 228 463 acceleration 875 766 414 195 swiming 492 758 253 294 swiming 485 730 266 334 acceleration 450 460 341 320 swiming 
003004.jpg Weak 1104 170 273 143 static 705 380 319 261 swiming 598 223 262 273 swiming 941 888 371 141 swiming 509 196 234 340 feeding 624 650 208 295 feeding 344 309 243 384 swiming 596 497 236 468 acceleration 885 764 413 195 swiming 508 755 237 294 swiming 471 725 295 326 acceleration 465 453 328 324 swiming 
003005.jpg Weak 1104 170 273 143 static 705 380 319 263 swiming 604 223 259 270 swiming 944 886 379 146 swiming 510 192 236 339 feeding 624 650 207 295 feeding 342 306 246 386 swiming 591 476 244 474 acceleration 896 762 411 195 swiming 525 752 219 294 swiming 458 720 323 318 acceleration 480 446 315 328 swiming 
003006.jpg Weak 1104 170 273 143 static 705 380 319 265 swiming 610 223 257 267 swiming 947 883 387 152 swiming 512 189 238 336 feeding 624 650 205 295 feeding 339 303 251 388 swiming 586 456 253 479 acceleration 907 760 409 195 swiming 541 748 202 295 swiming 444 715 352 310 acceleration 496 439 301 333 swiming 
003007.jpg Weak 1104 170 273 143 static 705 380 319 267 swiming 616 222 254 265 swiming 950 880 395 158 swiming 513 186 240 334 feeding 624 650 204 295 feeding 336 300 256 389 swiming 575 436 260 487 acceleration 919 757 406 192 swiming 558 745 185 295 swiming 430 710 381 302 acceleration 511 432 289 337 swiming 
003008.jpg Weak 1104 170 273 143 static 705 380 319 269 swiming 622 222 251 262 swiming 953 878 403 163 swiming 514 182 243 332 feeding 624 650 203 295 feeding 334 297 260 391 swiming 564 417 267 495 acceleration 931 755 404 189 swiming 574 742 168 295 swiming 417 705 409 294 acceleration 526 425 276 341 swiming 
003009.jpg Weak 1104 170 273 143 static 705 380 319 271 swiming 628 221 249 260 swiming 956 875 411 169 swiming 516 179 244 330 feeding 624 650 202 295 feeding 331 294 265 393 swiming 554 398 274 503 acceleration 943 752 401 186 swiming 591 739 150 295 swiming 397 698 445 293 acceleration 542 418 262 346 swiming 
003010.jpg Weak 1104 170 273 143 static 705 380 319 273 swiming 634 221 246 257 swiming 959 872 419 175 swiming 517 175 247 328 feeding 624 650 201 295 feeding 329 292 269 394 swiming 543 378 281 511 acceleration 955 750 399 183 swiming 608 736 133 295 swiming 377 691 481 293 acceleration 557 411 249 350 swiming 
003011.jpg Weak 1104 170 273 143 static 705 380 319 275 swiming 640 221 244 255 swiming 962 870 427 180 swiming 519 172 248 326 feeding 624 650 200 295 feeding 330 290 270 391 swiming 533 359 288 519 acceleration 967 747 396 180 swiming 608 730 138 300 swiming 357 684 517 292 acceleration 572 404 236 354 swiming 
003012.jpg Weak 1104 170 273 143 static 704 380 312 274 swiming 641 222 245 251 swiming 970 866 426 186 swiming 520 169 251 323 feeding 624 650 199 295 feeding 331 288 272 389 swiming 522 340 295 527 acceleration 979 745 394 177 swiming 609 725 143 305 swiming 337 677 553 292 acceleration 588 397 223 359 swiming 
003013.jpg Weak 1104 170 273 143 static 704 380 304 274 swiming 642 223 247 247 swiming 979 862 424 193 swiming 521 165 253 322 feeding 624 650 198 295 feeding 332 286 274 387 swiming 512 321 302 535 acceleration 984 741 396 178 swiming 610 720 148 309 swiming 318 670 588 292 acceleration 588 390 225 363 swiming 
003014.jpg Weak 1104 170 273 143 static 704 380 296 274 swiming 643 224 248 243 swiming 988 858 422 200 swiming 523 162 255 319 feeding 624 650 197 295 feeding 333 284 275 384 swiming 501 307 309 538 acceleration 990 737 397 180 swiming 611 715 153 314 swiming 331 663 587 290 acceleration 589 383 226 368 swiming 
003015.jpg Weak 1104 170 273 143 static 704 380 288 274 swiming 645 226 249 238 swiming 997 854 420 206 swiming 524 158 257 318 feeding 624 650 196 295 feeding 334 282 277 382 swiming 491 293 316 541 acceleration 995 733 399 182 swiming 611 710 159 318 swiming 344 657 586 288 acceleration 589 376 229 372 swiming 
